0 8 0 4094 6771316 150
RF1 0 37 10 2
KF1 0 40 11 3
RF2 0 43 13 3
KF2 0 42 16 0
RF3 0 36 4 3
KF3 0 38 7 2
RF4 0 46 2 3
KF4 0 43 2 1
RF5 0 17 12 3
KF5 0 23 24 2
RF6 0 21 19 2
KF6 0 27 19 2
RF7 0 18 15 2
KF7 0 26 6 2
RF8 0 21 16 2
KF8 0 26 12 2
RF9 0 19 7 2
KF9 0 23 5 1
RF10 0 32 2 3
KF10 0 30 6 3
RF11 0 30 28 3
KF11 0 27 29 0
RF12 0 12 17 0
KF12 0 5 8 0
RF13 0 2 38 2
KF13 0 10 36 3
RF14 0 2 41 2
KF14 0 5 37 1
RF15 0 8 66 2
KF15 0 12 67 2
RF16 0 10 52 3
KF16 0 8 61 3
RF17 0 29 47 1
KF17 0 52 49 2
RF18 0 28 53 2
KF18 0 32 48 2
RF19 0 2 57 2
KF19 0 21 66 3
RF20 0 59 57 1
KF20 0 56 53 0
RF21 0 53 21 2
KF21 0 57 23 2
RF22 0 44 23 2
KF22 0 48 24 3
RF23 0 41 8 3
KF23 0 50 10 2
RF24 0 50 2 3
KF24 0 49 5 0
RF25 0 46 14 3
KF25 0 51 18 2
RF26 0 54 17 3
KF26 0 66 20 2
RF27 0 57 32 3
KF27 0 61 35 2
RF28 0 58 29 3
KF28 0 61 32 2
RF29 0 23 38 2
KF29 0 31 31 2
RF30 0 41 41 1
KF30 0 40 38 0
RF31 0 17 47 1
KF31 0 21 41 2
RF32 0 57 26 0
KF32 0 47 31 0
RF33 0 58 2 3
KF33 0 57 17 3
RF34 0 61 2 3
KF34 0 61 22 2
KO1 0 58 46 2
KO2 0 49 41 1
KO3 0 56 57 3
KO4 0 48 60 3
KO5 0 50 53 0
KO6 0 40 60 0
KO7 0 11 20 2
KO8 0 12 24 3
KO9 0 19 23 1
KO10 0 20 26 2
KO11 0 3 29 2
KO12 0 21 32 3
KO13 0 16 9 0
KO14 0 24 2 3
KO15 0 33 8 2
KO16 0 35 1 2
KO17 0 33 5 2
KO18 0 32 17 2
B1 2 39 19 3
B2 2 39 1 0
B3 2 27 22 2
B4 2 25 15 3
B5 2 12 2 3
B6 2 2 18 2
B7 2 6 40 3
B8 2 17 64 2
B9 2 35 46 1
B10 2 34 66 3
B11 2 61 25 2
B12 2 60 16 2
B13 2 64 16 1
B14 2 66 34 2
B15 2 31 34 0
B16 2 27 41 2
B17 2 66 23 2
O1 2 53 8 3
O2 2 45 63 0
O3 2 35 58 0
O4 2 15 23 2
O5 2 17 29 0
O6 2 18 35 0
O7 2 7 2 0
O8 2 36 14 3
O9 2 31 20 0
Q1 2 18 50 0
Q2 2 2 50 1
Q3 2 51 32 3
Q4 2 51 45 3
Q5 2 23 53 0
Q6 2 50 56 3
SC1 1 49 13 1
SA1 1 44 8 3
SB1 1 53 2 1
S1 0 44 5 0
SC2 1 7 24 3
SA2 1 12 29 1
SB2 1 7 30 3
S2 0 44 60 2
SC3 1 6 17 2
SA3 1 2 12 0
SB3 1 20 10 2
S3 0 24 20 3
SC4 1 30 59 1
SA4 1 25 59 3
SB4 1 31 40 1
S4 0 23 28 0
SC5 1 2 2 3
SA5 1 18 2 1
SB5 1 7 11 2
S5 0 2 9 0
SC6 1 64 45 0
SA6 1 65 56 1
SB6 1 45 18 1
S6 0 36 18 0
SC7 1 12 12 3
SA7 1 11 6 0
SB7 1 15 18 0
S7 0 12 42 3
SC8 1 2 60 2
SA8 1 2 65 0
SB8 1 11 62 2
S8 0 18 61 2
SC9 1 64 3 1
SA9 1 65 10 1
SB9 1 59 6 3
S9 0 56 20 2
SC10 1 54 12 2
SA10 1 60 11 0
SB10 1 65 29 3
S10 0 58 36 3
SC11 1 37 27 1
SA11 1 42 27 3
SB11 1 27 1 0
S11 0 24 35 2
SC12 1 17 56 3
SA12 1 24 64 1
SB12 1 41 45 1
S12 0 62 38 2
SC13 1 46 45 1
SA13 1 44 40 0
SB13 1 51 24 2
S13 0 56 49 3
QC1 1 7 45 1
QA1 1 2 44 3
QB1 1 20 45 2
QK1 0 24 42 3
QC2 1 2 32 2
QA2 1 2 24 3
QB2 1 6 55 1
QK2 0 3 54 0
QC3 1 12 46 2
QA3 1 12 57 0
QB3 1 38 33 1
QK3 0 51 29 2
QC4 1 15 41 2
QA4 1 13 36 3
QB4 1 36 41 2
QK4 0 52 42 2
QC5 1 40 64 3
QA5 1 55 65 0
QB5 1 29 65 2
QK5 0 28 56 0
QC6 1 57 41 3
QA6 1 65 40 1
QB6 1 52 60 0
QK6 0 53 52 1
R1 0 43 33 3
R2 0 34 29 3
R3 0 33 26 2
R4 0 47 27 3
R5 0 25 9 1
R6 0 36 24 2
R7 0 31 51 3
R8 0 22 60 1
R9 0 32 45 0
R10 0 36 38 0
R11 0 61 51 3
R12 0 62 42 3
R13 0 61 47 3
R14 0 62 57 3
R15 0 27 32 0
R16 0 28 35 1
R17 0 66 50 0
P1 0 43 37 3
H1 0 31 55 1
P2 0 35 33 3
H2 0 27 38 0
P3 0 47 34 2
H3 0 60 54 0
P4 0 50 38 3
H4 0 57 61 3
P5 0 28 9 3
H5 0 24 31 1
P6 0 39 23 0
H6 0 64 53 3
E1 2 35 52 0
E2 2 53 36 0
E3 2 32 11 2
F1 2 13 51 0
F2 2 49 66 3
F3 2 25 47 2
F4 2 60 62 0
CORE 3 40 51 1
WFE1 4 0 1 0
WFE2 4 0 4 0
WFE5 4 0 7 0
WFE6 4 0 10 0
WFE7 4 0 13 0
WFE8 4 0 16 0
WO7 4 0 19 0
WO8 4 0 22 0
WO9 4 0 25 0
WO10 4 0 28 0
WO11 4 0 31 0
WO12 4 0 34 0
WFE13 4 0 37 0
WFE14 4 0 40 0
WFE15 4 0 43 0
WFE16 4 0 46 0
WFE17 4 0 49 0
WFE18 4 0 52 0
WFE19 4 0 55 0
WFE20 4 0 58 0
WFE29 4 0 61 0
WFE30 4 0 64 0
WFE31 4 0 67 0
WFE3 5 1 0 1
WFE4 5 4 0 1
WFE9 5 7 0 1
WFE10 5 10 0 1
WFE11 5 13 0 1
WFE12 5 16 0 1
WO13 5 19 0 1
WO14 5 22 0 1
WO15 5 25 0 1
WO16 5 28 0 1
WO17 5 31 0 1
WO18 5 34 0 1
WFE21 5 37 0 1
WFE22 5 40 0 1
WFE23 5 43 0 1
WFE24 5 46 0 1
WFE25 5 49 0 1
WFE26 5 52 0 1
WFE27 5 55 0 1
WFE28 5 58 0 1
WFE32 5 61 0 1
WFE33 5 64 0 1
WFE34 5 67 0 1
POWER0 6 8 8 0
POWER1 6 8 22 0
POWER2 6 8 36 0
POWER3 6 8 50 0
POWER4 6 8 64 0
POWER5 6 22 8 0
POWER6 6 22 22 0
POWER7 6 22 36 0
POWER8 6 22 50 0
POWER9 6 22 64 0
POWER10 6 36 8 0
POWER11 6 36 22 0
POWER12 6 36 36 0
POWER13 6 36 50 0
POWER14 6 36 64 0
POWER15 6 50 8 0
POWER16 6 50 22 0
POWER17 6 50 36 0
POWER18 6 50 50 0
POWER19 6 50 64 0
POWER20 6 64 8 0
POWER21 6 64 22 0
POWER22 6 64 36 0
POWER23 6 64 50 0
POWER24 6 60 60 0
