0 5 0 3527 21599162 180
RF1 0 10 6 3
KF1 0 11 10 3
RF2 0 18 7 3
KF2 0 16 13 3
RF3 0 11 3 3
KF3 0 13 7 3
RF4 0 8 2 3
KF4 0 7 5 0
RF5 0 15 10 2
KF5 0 18 35 3
RF6 0 10 37 3
KF6 0 12 43 3
RF7 0 19 48 2
KF7 0 24 49 2
RF8 0 18 51 3
KF8 0 21 52 2
RF9 0 22 14 3
KF9 0 28 31 2
RF10 0 19 13 3
KF10 0 38 34 0
RF11 0 20 10 2
KF11 0 28 8 2
RF12 0 20 2 3
KF12 0 24 7 2
RF13 0 2 59 2
KF13 0 20 60 2
RF14 0 15 49 2
KF14 0 25 53 2
RF15 0 56 53 3
KF15 0 57 56 2
RF16 0 33 49 2
KF16 0 45 56 3
RF17 0 47 51 2
KF17 0 49 54 3
RF18 0 8 60 2
KF18 0 37 61 2
RF19 0 52 60 2
KF19 0 56 62 2
RF20 0 5 61 3
KF20 0 53 63 2
RF21 0 47 12 2
KF21 0 61 22 2
RF22 0 61 9 2
KF22 0 66 7 2
RF23 0 46 21 2
KF23 0 52 23 1
RF24 0 52 7 2
KF24 0 56 15 3
RF25 0 50 13 3
KF25 0 52 29 2
RF26 0 54 11 3
KF26 0 53 14 0
RF27 0 53 26 3
KF27 0 55 32 3
RF28 0 59 2 3
KF28 0 57 12 3
RF29 0 2 62 2
KF29 0 8 66 1
RF30 0 11 62 2
KF30 0 16 62 2
RF31 0 16 66 1
KF31 0 40 62 2
RF32 0 61 37 3
KF32 0 45 39 0
RF33 0 62 2 1
KF33 0 56 2 3
RF34 0 61 5 0
KF34 0 51 10 0
KO1 0 15 32 0
KO2 0 12 30 0
KO3 0 19 32 3
KO4 0 18 39 3
KO5 0 13 27 3
KO6 0 23 18 3
KO7 0 5 37 2
KO8 0 11 33 3
KO9 0 2 38 2
KO10 0 2 47 2
KO11 0 3 56 2
KO12 0 6 52 3
KO13 0 23 11 3
KO14 0 31 7 2
KO15 0 32 10 2
KO16 0 35 12 3
KO17 0 41 24 3
KO18 0 44 13 2
B1 2 2 16 3
B2 2 2 7 0
B3 2 21 41 1
B4 2 28 45 1
B5 2 30 34 3
B6 2 26 11 3
B7 2 36 57 1
B8 2 54 66 3
B9 2 52 54 2
B10 2 60 63 2
B11 2 65 24 0
B12 2 56 20 0
B13 2 56 26 2
B14 2 61 30 2
B15 2 19 66 3
B16 2 44 60 2
B17 2 40 2 1
O1 2 7 30 0
O2 2 15 44 3
O3 2 7 25 1
O4 2 7 40 0
O5 2 6 46 1
O6 2 2 50 0
O7 2 33 17 3
O8 2 39 18 2
O9 2 41 28 3
Q1 2 52 49 3
Q2 2 66 50 2
Q3 2 65 44 2
Q4 2 52 37 2
Q5 2 48 66 3
Q6 2 30 21 1
SC1 1 8 15 3
SA1 1 6 10 2
SB1 1 16 27 1
S1 0 10 21 1
SC2 1 11 65 2
SA2 1 3 65 0
SB2 1 12 57 1
S2 0 12 47 1
SC3 1 51 2 3
SA3 1 46 2 1
SB3 1 56 6 3
S3 0 22 45 0
SC4 1 18 55 1
SA4 1 7 55 3
SB4 1 13 52 0
S4 0 10 51 1
SC5 1 22 31 2
SA5 1 21 26 3
SB5 1 26 26 1
S5 0 30 17 1
SC6 1 59 41 0
SA6 1 59 46 2
SB6 1 51 17 1
S6 0 43 20 3
SC7 1 46 16 3
SA7 1 45 7 0
SB7 1 47 24 3
S7 0 48 57 3
SC8 1 13 38 2
SA8 1 2 41 1
SB8 1 37 42 3
S8 0 56 44 3
SC9 1 65 10 3
SA9 1 65 2 3
SB9 1 60 17 2
S9 0 66 21 2
SC10 1 65 16 3
SA10 1 60 12 2
SB10 1 60 25 3
S10 0 58 32 3
SC11 1 31 65 2
SA11 1 31 57 0
SB11 1 38 65 2
S11 0 44 66 2
SC12 1 29 2 1
SA12 1 24 2 3
SB12 1 34 2 3
S12 0 38 7 2
SC13 1 14 2 3
SA13 1 2 2 1
SB13 1 25 21 2
S13 0 31 25 2
QC1 1 32 39 1
QA1 1 27 39 3
QB1 1 38 37 2
QK1 0 48 42 2
QC2 1 65 38 3
QA2 1 65 30 1
QB2 1 65 56 3
QK2 0 66 61 0
QC3 1 39 52 0
QA3 1 33 52 0
QB3 1 39 47 2
QK3 0 53 46 2
QC4 1 42 42 1
QA4 1 47 45 3
QB4 1 56 36 3
QK4 0 52 43 0
QC5 1 31 28 3
QA5 1 36 24 2
QB5 1 36 29 2
QK5 0 48 61 3
QC6 1 24 61 2
QA6 1 24 56 0
QB6 1 28 50 1
QK6 0 25 46 1
R1 0 2 20 2
R2 0 2 13 2
R3 0 24 37 1
R4 0 27 36 0
R5 0 43 36 1
R6 0 39 15 2
R7 0 34 46 1
R8 0 44 52 1
R9 0 57 59 2
R10 0 62 60 1
R11 0 48 29 0
R12 0 45 32 0
R13 0 48 38 0
R14 0 66 35 2
R15 0 29 62 1
R16 0 42 57 3
R17 0 42 6 0
P1 0 5 21 3
H1 0 44 48 3
P2 0 13 13 3
H2 0 61 57 2
P3 0 21 38 0
H3 0 42 33 3
P4 0 14 35 0
H4 0 46 35 1
P5 0 44 24 1
H5 0 33 62 0
P6 0 43 16 1
H6 0 32 13 0
E1 2 2 24 0
E2 2 2 31 0
E3 2 38 10 1
F1 2 59 52 1
F2 2 49 32 1
F3 2 25 66 3
F4 2 26 15 0
CORE 3 13 17 0
WFE1 4 0 1 0
WFE2 4 0 4 0
WFE5 4 0 7 0
WFE6 4 0 10 0
WFE7 4 0 13 0
WFE8 4 0 16 0
WO7 4 0 19 0
WO8 4 0 22 0
WO9 4 0 25 0
WO10 4 0 28 0
WO11 4 0 31 0
WO12 4 0 34 0
WFE13 4 0 37 0
WFE14 4 0 40 0
WFE15 4 0 43 0
WFE16 4 0 46 0
WFE17 4 0 49 0
WFE18 4 0 52 0
WFE19 4 0 55 0
WFE20 4 0 58 0
WFE29 4 0 61 0
WFE30 4 0 64 0
WFE31 4 0 67 0
WFE3 5 1 0 1
WFE4 5 4 0 1
WFE9 5 7 0 1
WFE10 5 10 0 1
WFE11 5 13 0 1
WFE12 5 16 0 1
WO13 5 19 0 1
WO14 5 22 0 1
WO15 5 25 0 1
WO16 5 28 0 1
WO17 5 31 0 1
WO18 5 34 0 1
WFE21 5 37 0 1
WFE22 5 40 0 1
WFE23 5 43 0 1
WFE24 5 46 0 1
WFE25 5 49 0 1
WFE26 5 52 0 1
WFE27 5 55 0 1
WFE28 5 58 0 1
WFE32 5 61 0 1
WFE33 5 64 0 1
WFE34 5 67 0 1
POWER0 6 8 8 0
POWER1 6 8 22 0
POWER2 6 8 36 0
POWER3 6 8 50 0
POWER4 6 8 64 0
POWER5 6 22 8 0
POWER6 6 22 22 0
POWER7 6 22 36 0
POWER8 6 22 50 0
POWER9 6 22 64 0
POWER10 6 36 8 0
POWER11 6 36 22 0
POWER12 6 36 36 0
POWER13 6 36 50 0
POWER14 6 36 64 0
POWER15 6 50 8 0
POWER16 6 50 22 0
POWER17 6 50 36 0
POWER18 6 50 50 0
POWER19 6 50 64 0
POWER20 6 64 8 0
POWER21 6 64 22 0
POWER22 6 64 36 0
POWER23 6 64 50 0
POWER24 6 60 60 0
