0 10 38 4724 6901142 120
RF1 0 14 18 3
KF1 0 23 26 2
RF2 0 2 12 2
KF2 0 33 29 3
RF3 0 2 8 3
KF3 0 17 17 2
RF4 0 18 4 2
KF4 0 28 19 2
RF5 0 27 3 1
KF5 0 30 2 2
RF6 0 16 8 1
KF6 0 48 8 1
RF7 0 11 17 2
KF7 0 35 11 2
RF8 0 35 14 2
KF8 0 45 15 2
RF9 0 18 1 2
KF9 0 19 7 3
RF10 0 13 22 3
KF10 0 10 37 3
RF11 0 46 62 2
KF11 0 52 64 2
RF12 0 23 20 2
KF12 0 62 58 3
RF13 0 13 36 2
KF13 0 25 36 2
RF14 0 34 38 1
KF14 0 31 36 0
RF15 0 7 38 2
KF15 0 17 38 2
RF16 0 13 42 1
KF16 0 22 44 0
RF17 0 2 35 2
KF17 0 25 29 1
RF18 0 4 50 1
KF18 0 25 33 2
RF19 0 28 37 2
KF19 0 46 34 2
RF20 0 30 65 3
KF20 0 51 61 1
RF21 0 42 45 3
KF21 0 48 46 2
RF22 0 42 36 3
KF22 0 45 37 2
RF23 0 60 20 3
KF23 0 54 24 3
RF24 0 54 59 2
KF24 0 55 62 0
RF25 0 46 12 3
KF25 0 50 20 2
RF26 0 38 4 3
KF26 0 36 17 3
RF27 0 55 47 3
KF27 0 52 54 3
RF28 0 58 46 3
KF28 0 61 55 3
RF29 0 1 57 1
KF29 0 3 53 2
RF30 0 7 65 1
KF30 0 8 61 1
RF31 0 1 50 1
KF31 0 7 35 2
RF32 0 55 35 3
KF32 0 51 33 0
RF33 0 63 39 0
KF33 0 60 41 3
RF34 0 67 39 3
KF34 0 61 45 1
KO1 0 51 57 3
KO2 0 43 61 3
KO3 0 26 56 3
KO4 0 29 56 3
KO5 0 30 59 0
KO6 0 13 56 3
KO7 0 2 16 2
KO8 0 2 19 2
KO9 0 18 25 2
KO10 0 3 27 2
KO11 0 43 33 2
KO12 0 40 32 1
KO13 0 21 17 3
KO14 0 22 30 3
KO15 0 25 17 1
KO16 0 27 7 3
KO17 0 36 8 2
KO18 0 35 4 3
B1 2 36 29 2
B2 2 28 15 1
B3 2 54 2 1
B4 2 57 15 3
B5 2 2 44 0
B6 2 58 63 3
B7 2 29 32 1
B8 2 18 47 3
B9 2 28 26 0
B10 2 48 16 1
B11 2 43 40 3
B12 2 53 28 3
B13 2 39 16 1
B14 2 55 54 1
B15 2 10 51 1
B16 2 18 28 2
B17 2 58 35 0
O1 2 41 64 0
O2 2 12 60 3
O3 2 4 56 1
O4 2 5 9 3
O5 2 16 21 1
O6 2 44 27 2
O7 2 19 34 3
O8 2 27 11 3
O9 2 44 6 2
Q1 2 6 13 1
Q2 2 65 20 0
Q3 2 21 51 2
Q4 2 18 62 3
Q5 2 10 64 0
Q6 2 66 14 2
SC1 1 39 11 0
SA1 1 30 6 0
SB1 1 36 21 3
S1 0 36 26 0
SC2 1 30 50 1
SA2 1 36 49 3
SB2 1 25 65 0
S2 0 15 64 0
SC3 1 8 20 2
SA3 1 2 22 3
SB3 1 22 12 2
S3 0 46 2 3
SC4 1 63 34 0
SA4 1 64 42 2
SB4 1 49 23 0
S4 0 41 28 3
SC5 1 49 11 0
SA5 1 55 10 2
SB5 1 48 28 3
S5 0 45 45 3
SC6 1 11 7 1
SA6 1 12 1 0
SB6 1 22 2 2
S6 0 39 7 3
SC7 1 33 65 2
SA7 1 46 65 0
SB7 1 35 60 1
S7 0 33 47 1
SC8 1 37 44 2
SA8 1 31 41 0
SB8 1 64 29 1
S8 0 63 17 1
SC9 1 21 39 3
SA9 1 16 41 1
SB9 1 26 40 2
S9 0 38 36 2
SC10 1 2 60 2
SA10 1 2 65 0
SB10 1 16 54 2
S10 0 20 59 0
SC11 1 17 11 3
SA11 1 22 7 2
SB11 1 13 26 3
S11 0 16 34 3
SC12 1 60 49 0
SA12 1 65 58 1
SB12 1 49 41 3
S12 0 52 49 2
SC13 1 55 19 2
SA13 1 59 27 0
SB13 1 60 9 1
S13 0 57 7 0
QC1 1 7 2 1
QA1 1 2 2 3
QB1 1 12 12 2
QK1 0 5 18 1
QC2 1 49 2 3
QA2 1 41 1 0
QB2 1 60 3 2
QK2 0 66 26 2
QC3 1 6 30 3
QA3 1 7 25 0
QB3 1 11 31 2
QK3 0 17 51 2
QC4 1 7 46 2
QA4 1 8 41 0
QB4 1 25 50 3
QK4 0 23 57 3
QC5 1 2 39 2
QA5 1 1 30 1
QB5 1 13 46 3
QK5 0 15 67 0
QC6 1 65 8 3
QA6 1 65 2 1
QB6 1 65 47 3
QK6 0 66 54 0
R1 0 56 51 2
R2 0 35 35 3
R3 0 53 7 3
R4 0 59 24 2
R5 0 27 45 2
R6 0 55 66 3
R7 0 54 32 2
R8 0 52 37 1
R9 0 24 23 1
R10 0 45 19 3
R11 0 48 58 2
R12 0 49 36 0
R13 0 41 20 0
R14 0 38 57 0
R15 0 7 52 3
R16 0 24 47 3
R17 0 55 39 0
P1 0 57 58 0
H1 0 58 32 2
P2 0 40 60 3
H2 0 27 23 3
P3 0 54 15 3
H3 0 44 58 0
P4 0 62 23 1
H4 0 31 62 0
P5 0 30 46 3
H5 0 10 56 3
P6 0 52 67 0
H6 0 52 46 0
E1 2 32 55 1
E2 2 43 23 3
E3 2 37 39 1
F1 2 32 20 2
F2 2 24 61 3
F3 2 19 66 1
F4 2 54 42 3
CORE 3 42 49 1
WFE1 4 0 1 0
WFE2 4 0 4 0
WFE5 4 0 7 0
WFE6 4 0 10 0
WFE7 4 0 13 0
WFE8 4 0 16 0
WO7 4 0 19 0
WO8 4 0 22 0
WO9 4 0 25 0
WO10 4 0 28 0
WO11 4 0 31 0
WO12 4 0 34 0
WFE13 4 0 37 0
WFE14 4 0 40 0
WFE15 4 0 43 0
WFE16 4 0 46 0
WFE17 4 0 49 0
WFE18 4 0 52 0
WFE19 4 0 55 0
WFE20 4 0 58 0
WFE29 4 0 61 0
WFE30 4 0 64 0
WFE31 4 0 67 0
WFE3 5 1 0 1
WFE4 5 4 0 1
WFE9 5 7 0 1
WFE10 5 10 0 1
WFE11 5 13 0 1
WFE12 5 16 0 1
WO13 5 19 0 1
WO14 5 22 0 1
WO15 5 25 0 1
WO16 5 28 0 1
WO17 5 31 0 1
WO18 5 34 0 1
WFE21 5 37 0 1
WFE22 5 40 0 1
WFE23 5 43 0 1
WFE24 5 46 0 1
WFE25 5 49 0 1
WFE26 5 52 0 1
WFE27 5 55 0 1
WFE28 5 58 0 1
WFE32 5 61 0 1
WFE33 5 64 0 1
WFE34 5 67 0 1
POWER0 6 49 62 3
POWER1 6 57 24 0
POWER2 6 40 26 3
POWER3 6 10 59 2
POWER4 6 49 39 3
POWER5 6 16 6 3
POWER6 6 33 11 2
POWER7 6 8 17 3
POWER8 6 66 52 3
POWER9 6 28 48 1
POWER10 6 52 52 0
POWER11 6 32 39 0
POWER12 6 22 24 2
POWER13 6 27 59 0
POWER14 6 51 9 3
POWER15 6 13 40 0
