1 1 0 3969 14543625 120
RF1 0 2 3 2
KF1 0 5 34 3
RF2 0 7 38 3
KF2 0 8 41 2
RF3 0 2 33 3
KF3 0 5 43 3
RF4 0 5 2 3
KF4 0 8 44 2
RF5 0 7 10 3
KF5 0 7 14 3
RF6 0 10 12 3
KF6 0 14 15 2
RF7 0 10 21 2
KF7 0 15 18 1
RF8 0 22 18 3
KF8 0 26 18 1
RF9 0 28 39 3
KF9 0 30 55 3
RF10 0 31 9 3
KF10 0 36 38 3
RF11 0 13 2 3
KF11 0 11 31 3
RF12 0 16 2 3
KF12 0 18 21 2
RF13 0 2 42 2
KF13 0 38 61 3
RF14 0 36 42 3
KF14 0 41 47 3
RF15 0 27 42 2
KF15 0 39 44 2
RF16 0 2 51 2
KF16 0 8 55 2
RF17 0 23 61 2
KF17 0 28 63 2
RF18 0 10 67 2
KF18 0 19 67 2
RF19 0 31 59 3
KF19 0 35 60 2
RF20 0 6 67 2
KF20 0 22 66 1
RF21 0 35 15 0
KF21 0 35 5 1
RF22 0 43 2 2
KF22 0 47 2 2
RF23 0 52 12 2
KF23 0 66 14 2
RF24 0 48 10 2
KF24 0 49 13 3
RF25 0 36 18 3
KF25 0 33 20 1
RF26 0 48 5 3
KF26 0 44 11 0
RF27 0 48 30 0
KF27 0 45 39 0
RF28 0 50 27 3
KF28 0 47 36 0
RF29 0 2 54 2
KF29 0 10 50 2
RF30 0 10 64 2
KF30 0 19 60 2
RF31 0 26 67 2
KF31 0 50 66 1
RF32 0 54 25 3
KF32 0 53 28 0
RF33 0 62 2 3
KF33 0 53 6 0
RF34 0 66 22 0
KF34 0 51 24 0
KO1 0 18 46 0
KO2 0 11 47 3
KO3 0 7 47 3
KO4 0 6 52 3
KO5 0 17 53 3
KO6 0 19 63 0
KO7 0 10 8 1
KO8 0 24 12 1
KO9 0 3 30 2
KO10 0 7 30 2
KO11 0 8 33 2
KO12 0 15 36 3
KO13 0 21 2 2
KO14 0 32 6 2
KO15 0 24 8 3
KO16 0 23 5 2
KO17 0 25 2 1
KO18 0 34 2 3
B1 2 33 52 3
B2 2 14 47 2
B3 2 8 17 3
B4 2 18 15 2
B5 2 34 56 1
B6 2 24 33 2
B7 2 46 64 2
B8 2 46 58 2
B9 2 32 64 2
B10 2 41 59 2
B11 2 51 2 1
B12 2 59 12 1
B13 2 39 13 0
B14 2 39 37 1
B15 2 22 45 1
B16 2 51 31 3
B17 2 52 15 1
O1 2 12 58 3
O2 2 8 58 2
O3 2 13 65 3
O4 2 18 11 3
O5 2 8 24 1
O6 2 18 35 2
O7 2 44 5 2
O8 2 27 6 2
O9 2 28 2 3
Q1 2 40 53 2
Q2 2 60 44 0
Q3 2 57 26 1
Q4 2 57 40 1
Q5 2 27 12 0
Q6 2 58 36 3
SC1 1 45 25 0
SA1 1 45 20 2
SB1 1 40 27 3
S1 0 30 51 3
SC2 1 25 50 0
SA2 1 26 58 2
SB2 1 20 52 3
S2 0 14 62 0
SC3 1 34 10 1
SA3 1 38 3 1
SB3 1 17 5 0
S3 0 14 12 2
SC4 1 2 37 0
SA4 1 2 46 2
SB4 1 2 21 2
S4 0 10 28 2
SC5 1 65 55 1
SA5 1 60 55 3
SB5 1 65 45 1
S5 0 40 41 0
SC6 1 49 52 1
SA6 1 50 57 0
SB6 1 44 53 3
S6 0 30 21 0
SC7 1 53 65 2
SA7 1 40 65 2
SB7 1 55 55 3
S7 0 55 61 3
SC8 1 31 39 3
SA8 1 29 34 2
SB8 1 44 47 3
S8 0 40 50 0
SC9 1 33 45 1
SA9 1 28 45 3
SB9 1 42 32 2
S9 0 49 17 1
SC10 1 8 2 3
SA10 1 2 6 2
SB10 1 49 45 2
S10 0 54 45 1
SC11 1 44 14 0
SA11 1 39 8 1
SB11 1 39 19 3
S11 0 34 32 1
SC12 1 54 49 1
SA12 1 59 50 0
SB12 1 64 40 2
S12 0 66 50 0
SC13 1 2 16 2
SA13 1 2 11 0
SB13 1 28 24 3
S13 0 67 34 3
QC1 1 2 57 2
QA1 1 2 62 0
QB1 1 12 42 2
QK1 0 38 47 3
QC2 1 65 9 3
QA2 1 65 3 3
QB2 1 64 25 2
QK2 0 66 37 0
QC3 1 57 31 1
QA3 1 62 30 3
QB3 1 49 40 2
QK3 0 54 41 1
QC4 1 58 21 0
QA4 1 58 16 2
QB4 1 52 35 2
QK4 0 57 45 1
QC5 1 10 36 3
QA5 1 17 41 1
QB5 1 22 39 1
QK5 0 25 21 2
QC6 1 59 7 2
QA6 1 57 2 0
QB6 1 64 17 2
QK6 0 67 30 3
R1 0 26 55 0
R2 0 19 49 2
R3 0 14 21 2
R4 0 31 14 3
R5 0 37 66 3
R6 0 34 28 1
R7 0 61 66 1
R8 0 52 62 2
R9 0 58 66 1
R10 0 64 61 2
R11 0 56 8 3
R12 0 53 9 2
R13 0 36 24 2
R14 0 37 27 1
R15 0 38 34 1
R16 0 48 33 0
R17 0 32 17 0
P1 0 22 57 0
H1 0 58 62 1
P2 0 18 57 0
H2 0 61 62 1
P3 0 23 24 3
H3 0 56 12 3
P4 0 29 18 3
H4 0 40 24 2
P5 0 29 66 1
H5 0 37 31 0
P6 0 33 25 3
H6 0 23 15 0
E1 2 11 53 1
E2 2 24 27 2
E3 2 28 30 3
F1 2 43 42 1
F2 2 52 20 1
F3 2 13 6 0
F4 2 2 26 1
CORE 3 14 25 0
WFE1 4 0 1 0
WFE2 4 0 4 0
WFE5 4 0 7 0
WFE6 4 0 10 0
WFE7 4 0 13 0
WFE8 4 0 16 0
WO7 4 0 19 0
WO8 4 0 22 0
WO9 4 0 25 0
WO10 4 0 28 0
WO11 4 0 31 0
WO12 4 0 34 0
WFE13 4 0 37 0
WFE14 4 0 40 0
WFE15 4 0 43 0
WFE16 4 0 46 0
WFE17 4 0 49 0
WFE18 4 0 52 0
WFE19 4 0 55 0
WFE20 4 0 58 0
WFE29 4 0 61 0
WFE30 4 0 64 0
WFE31 4 0 67 0
WFE3 5 1 0 1
WFE4 5 4 0 1
WFE9 5 7 0 1
WFE10 5 10 0 1
WFE11 5 13 0 1
WFE12 5 16 0 1
WO13 5 19 0 1
WO14 5 22 0 1
WO15 5 25 0 1
WO16 5 28 0 1
WO17 5 31 0 1
WO18 5 34 0 1
WFE21 5 37 0 1
WFE22 5 40 0 1
WFE23 5 43 0 1
WFE24 5 46 0 1
WFE25 5 49 0 1
WFE26 5 52 0 1
WFE27 5 55 0 1
WFE28 5 58 0 1
WFE32 5 61 0 1
WFE33 5 64 0 1
WFE34 5 67 0 1
POWER0 6 8 8 0
POWER1 6 8 22 0
POWER2 6 8 36 0
POWER3 6 8 50 0
POWER4 6 8 64 0
POWER5 6 22 8 0
POWER6 6 22 22 0
POWER7 6 22 36 0
POWER8 6 22 50 0
POWER9 6 22 64 0
POWER10 6 36 8 0
POWER11 6 36 22 0
POWER12 6 36 36 0
POWER13 6 36 50 0
POWER14 6 36 64 0
POWER15 6 50 8 0
POWER16 6 50 22 0
POWER17 6 50 36 0
POWER18 6 50 50 0
POWER19 6 50 64 0
POWER20 6 64 8 0
POWER21 6 64 22 0
POWER22 6 64 36 0
POWER23 6 64 50 0
POWER24 6 60 60 0
