0 2 0 3921 21671974 180
RF1 0 15 7 3
KF1 0 17 11 1
RF2 0 6 2 2
KF2 0 7 5 3
RF3 0 24 21 3
KF3 0 23 24 0
RF4 0 10 2 3
KF4 0 19 7 0
RF5 0 8 14 3
KF5 0 7 18 3
RF6 0 13 26 3
KF6 0 14 30 3
RF7 0 5 24 3
KF7 0 5 49 3
RF8 0 2 25 3
KF8 0 2 47 3
RF9 0 11 16 2
KF9 0 25 15 2
RF10 0 26 18 2
KF10 0 30 20 1
RF11 0 19 22 3
KF11 0 24 36 2
RF12 0 33 35 2
KF12 0 39 36 0
RF13 0 28 43 2
KF13 0 31 46 2
RF14 0 25 50 2
KF14 0 28 47 1
RF15 0 46 38 2
KF15 0 48 41 3
RF16 0 38 39 2
KF16 0 42 38 2
RF17 0 17 46 1
KF17 0 20 44 2
RF18 0 15 33 2
KF18 0 19 35 2
RF19 0 17 62 2
KF19 0 20 61 1
RF20 0 2 51 2
KF20 0 20 47 2
RF21 0 42 28 2
KF21 0 49 29 2
RF22 0 45 29 3
KF22 0 48 32 2
RF23 0 47 21 0
KF23 0 44 20 1
RF24 0 37 13 0
KF24 0 33 21 0
RF25 0 49 14 1
KF25 0 49 10 1
RF26 0 55 8 3
KF26 0 52 7 1
RF27 0 57 16 3
KF27 0 56 21 3
RF28 0 57 12 3
KF28 0 60 15 2
RF29 0 32 49 1
KF29 0 35 47 2
RF30 0 21 52 2
KF30 0 42 47 2
RF31 0 39 66 1
KF31 0 46 53 2
RF32 0 52 35 3
KF32 0 54 38 3
RF33 0 66 7 2
KF33 0 66 36 0
RF34 0 61 37 3
KF34 0 61 44 2
KO1 0 17 59 0
KO2 0 37 53 0
KO3 0 35 56 0
KO4 0 32 55 0
KO5 0 33 63 0
KO6 0 36 66 3
KO7 0 10 19 2
KO8 0 10 23 2
KO9 0 5 28 3
KO10 0 2 29 2
KO11 0 10 36 0
KO12 0 3 43 2
KO13 0 20 10 2
KO14 0 21 13 2
KO15 0 24 2 3
KO16 0 29 17 2
KO17 0 29 7 3
KO18 0 36 10 1
B1 2 2 3 0
B2 2 13 2 1
B3 2 9 39 2
B4 2 2 59 2
B5 2 30 12 1
B6 2 27 37 0
B7 2 32 42 1
B8 2 44 41 2
B9 2 21 40 3
B10 2 24 44 2
B11 2 52 30 3
B12 2 33 17 3
B13 2 46 2 0
B14 2 66 21 2
B15 2 49 44 2
B16 2 57 37 2
B17 2 64 45 3
O1 2 12 54 2
O2 2 27 59 2
O3 2 32 59 1
O4 2 13 21 1
O5 2 2 37 0
O6 2 6 45 3
O7 2 24 11 1
O8 2 32 6 2
O9 2 39 7 2
Q1 2 53 61 3
Q2 2 43 8 3
Q3 2 60 18 2
Q4 2 64 27 1
Q5 2 59 2 3
Q6 2 43 32 0
SC1 1 2 19 0
SA1 1 2 14 2
SB1 1 2 9 2
S1 0 7 11 1
SC2 1 16 54 3
SA2 1 7 52 1
SB2 1 21 56 2
S2 0 24 61 3
SC3 1 14 36 0
SA3 1 13 41 3
SB3 1 3 32 3
S3 0 6 38 3
SC4 1 64 16 0
SA4 1 65 11 3
SB4 1 58 31 3
S4 0 18 41 3
SC5 1 52 24 0
SA5 1 52 16 2
SB5 1 18 30 0
S5 0 25 28 2
SC6 1 44 12 0
SA6 1 52 11 0
SB6 1 36 2 1
S6 0 33 2 3
SC7 1 39 18 0
SA7 1 41 23 2
SB7 1 28 32 3
S7 0 34 38 2
SC8 1 2 65 2
SA8 1 2 54 0
SB8 1 6 59 1
S8 0 33 52 2
SC9 1 42 65 2
SA9 1 54 65 0
SB9 1 50 53 1
S9 0 48 18 1
SC10 1 53 2 3
SA10 1 65 2 1
SB10 1 60 10 2
S10 0 62 24 0
SC11 1 38 31 1
SA11 1 33 30 3
SB11 1 46 24 2
S11 0 53 41 2
SC12 1 8 26 2
SA12 1 8 31 0
SB12 1 23 31 3
S12 0 50 38 2
SC13 1 64 53 2
SA13 1 65 58 3
SB13 1 65 39 1
S13 0 47 35 1
QC1 1 38 42 2
QA1 1 41 50 0
QB1 1 54 48 3
QK1 0 54 58 0
QC2 1 20 16 3
QA2 1 15 16 1
QB2 1 29 24 2
QK2 0 40 14 1
QC3 1 11 65 2
QA3 1 11 60 0
QB3 1 27 65 2
QK3 0 52 21 2
QC4 1 58 54 2
QA4 1 59 62 1
QB4 1 59 48 1
QK4 0 62 41 1
QC5 1 19 2 1
QA5 1 24 6 0
QB5 1 41 2 3
QK5 0 50 2 1
QC6 1 10 6 2
QA6 1 11 11 0
QB6 1 16 25 2
QK6 0 34 27 2
R1 0 29 29 2
R2 0 22 27 3
R3 0 13 46 2
R4 0 19 66 3
R5 0 38 23 3
R6 0 26 25 1
R7 0 38 48 3
R8 0 46 47 3
R9 0 24 65 3
R10 0 29 50 2
R11 0 55 34 2
R12 0 38 27 3
R13 0 45 17 2
R14 0 57 25 3
R15 0 55 54 1
R16 0 57 44 3
R17 0 66 50 0
P1 0 31 39 3
H1 0 47 50 2
P2 0 24 53 3
H2 0 33 67 2
P3 0 18 50 3
H3 0 61 27 1
P4 0 16 66 1
H4 0 58 28 2
P5 0 35 24 0
H5 0 54 44 1
P6 0 27 21 1
H6 0 62 59 3
E1 2 27 53 0
E2 2 12 49 1
E3 2 27 2 3
F1 2 48 66 3
F2 2 63 32 3
F3 2 58 6 1
F4 2 49 58 0
CORE 3 39 56 1
WFE1 4 0 1 0
WFE2 4 0 4 0
WFE5 4 0 7 0
WFE6 4 0 10 0
WFE7 4 0 13 0
WFE8 4 0 16 0
WO7 4 0 19 0
WO8 4 0 22 0
WO9 4 0 25 0
WO10 4 0 28 0
WO11 4 0 31 0
WO12 4 0 34 0
WFE13 4 0 37 0
WFE14 4 0 40 0
WFE15 4 0 43 0
WFE16 4 0 46 0
WFE17 4 0 49 0
WFE18 4 0 52 0
WFE19 4 0 55 0
WFE20 4 0 58 0
WFE29 4 0 61 0
WFE30 4 0 64 0
WFE31 4 0 67 0
WFE3 5 1 0 1
WFE4 5 4 0 1
WFE9 5 7 0 1
WFE10 5 10 0 1
WFE11 5 13 0 1
WFE12 5 16 0 1
WO13 5 19 0 1
WO14 5 22 0 1
WO15 5 25 0 1
WO16 5 28 0 1
WO17 5 31 0 1
WO18 5 34 0 1
WFE21 5 37 0 1
WFE22 5 40 0 1
WFE23 5 43 0 1
WFE24 5 46 0 1
WFE25 5 49 0 1
WFE26 5 52 0 1
WFE27 5 55 0 1
WFE28 5 58 0 1
WFE32 5 61 0 1
WFE33 5 64 0 1
WFE34 5 67 0 1
POWER0 6 8 8 0
POWER1 6 8 22 0
POWER2 6 8 36 0
POWER3 6 8 50 0
POWER4 6 8 64 0
POWER5 6 22 8 0
POWER6 6 22 22 0
POWER7 6 22 36 0
POWER8 6 22 50 0
POWER9 6 22 64 0
POWER10 6 36 8 0
POWER11 6 36 22 0
POWER12 6 36 36 0
POWER13 6 36 50 0
POWER14 6 36 64 0
POWER15 6 50 8 0
POWER16 6 50 22 0
POWER17 6 50 36 0
POWER18 6 50 50 0
POWER19 6 50 64 0
POWER20 6 64 8 0
POWER21 6 64 22 0
POWER22 6 64 36 0
POWER23 6 64 50 0
POWER24 6 60 60 0
