302 325 64 64 6 6
RF1 0 0 30 31 0 1 1
KF1 0 0 18 29 3 1 1
RF2 0 0 9 20 1 1 1
KF2 0 0 20 19 3 1 1
RF3 0 0 4 24 0 1 1
KF3 0 0 16 11 1 1 1
RF4 0 0 14 16 2 1 1
KF4 0 0 20 18 0 1 1
RF5 0 0 19 26 1 1 1
KF5 0 0 25 26 1 1 1
RF6 0 0 13 8 1 1 1
KF6 0 0 3 40 3 1 1
RF7 0 0 31 23 3 1 1
KF7 0 0 17 19 0 1 1
RF8 0 0 22 55 2 1 1
KF8 0 0 17 35 3 1 1
RF9 0 0 9 10 1 1 1
KF9 0 0 25 22 3 1 1
RF10 0 0 35 2 0 1 1
KF10 0 0 14 13 3 1 1
RF11 0 0 24 14 2 1 1
KF11 0 0 40 18 0 1 1
RF12 0 0 31 1 3 1 1
KF12 0 0 19 22 3 1 1
RF13 0 0 29 56 3 1 1
KF13 0 0 12 48 1 1 1
RF14 0 0 30 50 1 1 1
KF14 0 0 8 57 2 1 1
RF15 0 0 8 54 0 1 1
KF15 0 0 2 62 1 1 1
RF16 0 0 4 51 3 1 1
KF16 0 0 25 49 2 1 1
RF17 0 0 10 49 3 1 1
KF17 0 0 7 53 2 1 1
RF18 0 0 26 52 2 1 1
KF18 0 0 13 53 1 1 1
RF19 0 0 7 43 1 1 1
KF19 0 0 25 40 2 1 1
RF20 0 0 36 56 0 1 1
KF20 0 0 16 53 0 1 1
RF21 0 0 52 8 2 1 1
KF21 0 0 62 23 2 1 1
RF22 0 0 51 20 2 1 1
KF22 0 0 47 14 2 1 1
RF23 0 0 48 9 2 1 1
KF23 0 0 48 15 2 1 1
RF24 0 0 45 21 1 1 1
KF24 0 0 52 22 1 1 1
RF25 0 0 61 13 0 1 1
KF25 0 0 53 24 0 1 1
RF26 0 0 51 10 3 1 1
KF26 0 0 46 13 3 1 1
RF27 0 0 54 28 3 1 1
KF27 0 0 45 1 3 1 1
RF28 0 0 59 18 1 1 1
KF28 0 0 57 10 0 1 1
RF29 0 0 33 62 1 1 1
KF29 0 0 35 55 0 1 1
RF30 0 0 25 45 1 1 1
KF30 0 0 52 49 1 1 1
RF31 0 0 50 36 0 1 1
KF31 0 0 35 58 1 1 1
RF32 0 0 24 43 1 1 1
KF32 0 0 20 53 3 1 1
RF33 0 0 51 56 2 1 1
KF33 0 0 47 40 2 1 1
RF34 0 0 60 47 2 1 1
KF34 0 0 58 35 1 1 1
KO1 0 0 15 23 0 1 1
KO2 0 0 29 1 2 1 1
KO3 0 0 33 9 3 1 1
KO4 0 0 19 7 0 1 1
KO5 0 0 17 14 1 1 1
KO6 0 0 24 28 2 1 1
KO7 0 0 12 17 2 1 1
KO8 0 0 5 35 2 1 1
KO9 0 0 13 51 3 1 1
KO10 0 0 19 38 0 1 1
KO11 0 0 7 37 3 1 1
KO12 0 0 22 17 1 1 1
KO13 0 0 22 21 3 1 1
KO14 0 0 39 16 0 1 1
KO15 0 0 37 8 2 1 1
KO16 0 0 10 3 3 1 1
KO17 0 0 32 8 0 1 1
KO18 0 0 30 10 0 1 1
B1 2 0 22 20 0 3 1
B2 2 0 24 33 3 3 1
B3 2 0 16 37 1 3 1
B4 2 0 20 44 3 3 1
B5 2 0 36 6 2 3 1
B6 2 0 16 7 2 3 1
B7 2 0 26 60 0 3 1
B8 2 0 31 55 2 3 1
B9 2 0 14 44 3 3 1
B10 2 0 14 55 2 3 1
B11 2 0 62 11 0 3 1
B12 2 0 52 31 3 3 1
B13 2 0 48 9 1 3 1
B14 2 0 50 21 0 3 1
B15 2 0 43 48 3 3 1
B16 2 0 51 58 2 3 1
B17 2 0 62 43 2 3 1
O1 2 0 24 19 2 3 1
O2 2 0 18 22 0 3 1
O3 2 0 18 20 1 3 1
O4 2 0 5 33 0 3 1
O5 2 0 11 27 0 3 1
O6 2 0 7 44 3 3 1
O7 2 0 12 14 0 3 1
O8 2 0 13 11 0 3 1
O9 2 0 16 10 1 3 1
Q1 2 0 19 26 2 3 1
Q2 2 0 10 62 2 3 1
Q3 2 0 56 19 0 3 1
Q4 2 0 55 1 1 3 1
Q5 2 0 45 61 1 3 1
Q6 2 0 62 51 1 2 1
SC1 1 0 18 21 3 1 2
SA1 1 0 22 7 3 1 1
SB1 1 0 24 10 3 1 1
S1 0 0 21 13 3 1 3
SC2 1 0 31 20 3 1 2
SA2 1 0 20 18 2 1 1
SB2 1 0 7 12 1 1 1
S2 0 0 17 35 3 1 2
SC3 1 0 6 27 0 1 2
SA3 1 0 11 30 2 1 1
SB3 1 0 1 29 3 1 1
S3 0 0 23 24 1 1 3
SC4 1 0 12 39 3 1 2
SA4 1 0 25 25 2 1 1
SB4 1 0 1 22 2 1 1
S4 0 0 17 28 0 1 2
SC5 1 0 30 1 2 1 2
SA5 1 0 37 24 1 1 1
SB5 1 0 24 24 2 1 1
S5 0 0 36 23 3 1 3
SC6 1 0 14 1 3 1 2
SA6 1 0 32 17 1 1 1
SB6 1 0 42 6 0 1 1
S6 0 0 20 11 2 1 2
SC7 1 0 2 62 0 1 2
SA7 1 0 11 51 2 1 1
SB7 1 0 10 47 0 1 1
S7 0 0 20 51 0 1 3
SC8 1 0 1 59 3 1 2
SA8 1 0 33 45 3 1 1
SB8 1 0 19 59 1 1 1
S8 0 0 8 45 1 1 3
SC9 1 0 61 23 3 1 2
SA9 1 0 62 8 2 1 1
SB9 1 0 52 30 0 1 1
S9 0 0 62 12 0 1 3
SC10 1 0 62 20 1 1 2
SA10 1 0 55 10 2 1 1
SB10 1 0 56 20 2 1 1
S10 0 0 46 11 3 1 3
SC11 1 0 45 36 1 1 2
SA11 1 0 31 49 0 1 1
SB11 1 0 42 40 3 1 1
S11 0 0 46 62 0 1 3
SC12 1 0 62 56 2 1 2
SA12 1 0 62 43 1 1 1
SB12 1 0 62 50 2 1 1
S12 0 0 42 51 2 1 1
SC13 1 0 62 46 3 1 2
SA13 1 0 47 55 2 1 1
SB13 1 0 57 33 3 1 1
S13 0 0 62 59 3 1 1
QC1 1 0 15 53 2 1 2
QA1 1 0 6 41 1 1 1
QB1 1 0 25 51 3 1 1
QK1 0 0 28 47 2 1 2
QC2 1 0 12 43 1 1 2
QA2 1 0 15 53 3 1 1
QB2 1 0 1 41 2 1 1
QK2 0 0 23 43 0 1 2
QC3 1 0 37 16 2 1 2
QA3 1 0 46 8 1 1 1
QB3 1 0 38 1 2 1 1
QK3 0 0 61 2 0 1 2
QC4 1 0 48 21 3 1 2
QA4 1 0 60 7 1 1 1
QB4 1 0 45 17 1 1 1
QK4 0 0 49 16 0 1 2
QC5 1 0 41 43 2 1 2
QA5 1 0 50 56 1 1 1
QB5 1 0 19 51 0 1 1
QK5 0 0 30 60 2 1 2
QC6 1 0 56 52 2 1 2
QA6 1 0 54 50 2 1 1
QB6 1 0 43 48 0 1 1
QK6 0 0 60 57 2 1 1
R1 0 0 9 30 3 1 1
R2 0 0 13 16 2 1 1
R3 0 0 16 23 1 1 1
R4 0 0 10 41 1 1 1
R5 0 0 30 9 3 1 1
R6 0 0 25 20 1 1 1
R7 0 0 16 46 1 1 1
R8 0 0 23 43 1 1 1
R9 0 0 9 48 1 1 1
R10 0 0 18 56 3 1 1
R11 0 0 42 27 1 1 1
R12 0 0 57 19 2 1 1
R13 0 0 58 18 2 1 1
R14 0 0 48 15 1 1 1
R15 0 0 57 57 0 1 1
R16 0 0 46 48 0 1 1
R17 0 0 43 46 3 1 1
P1 0 0 9 32 0 1 1
H1 0 0 11 48 1 2 1
P2 0 0 10 24 3 1 1
H2 0 0 15 28 1 2 1
P3 0 0 15 20 3 1 1
H3 0 0 55 29 2 2 1
P4 0 0 7 29 1 1 1
H4 0 0 55 15 0 2 1
P5 0 0 34 5 3 1 1
H5 0 0 45 46 1 2 1
P6 0 0 14 22 1 1 1
H6 0 0 55 44 3 1 1
E1 2 0 26 29 0 5 1
E2 2 0 5 26 0 5 1
E3 2 0 12 15 0 5 1
F1 2 0 18 53 1 4 1
F2 2 0 59 17 0 4 1
F3 2 0 36 54 3 2 1
F4 2 0 44 35 1 2 1
CORE 3 0 16 16 0 7 6
WFE1 4 1 0 1 0 0 1
WFE2 4 1 0 4 0 0 1
WFE5 4 1 0 7 0 0 1
WFE6 4 1 0 10 0 0 1
WFE7 4 1 0 13 0 0 1
WFE8 4 1 0 16 0 0 1
WO7 4 1 0 19 0 0 1
WO8 4 1 0 22 0 0 1
WO9 4 1 0 25 0 0 1
WO10 4 1 0 28 0 0 1
WO11 4 1 0 31 0 0 1
WO12 4 1 0 34 0 0 1
WFE13 4 1 0 37 0 0 1
WFE14 4 1 0 40 0 0 1
WFE15 4 1 0 43 0 0 1
WFE16 4 1 0 46 0 0 1
WFE17 4 1 0 49 0 0 1
WFE18 4 1 0 52 0 0 1
WFE19 4 1 0 55 0 0 1
WFE20 4 1 0 58 0 0 1
WFE29 4 1 0 61 0 0 1
WFE30 4 1 0 64 0 0 1
WFE31 4 1 0 67 0 0 1
WFE3 5 1 1 0 1 0 1
WFE4 5 1 4 0 1 0 1
WFE9 5 1 7 0 1 0 1
WFE10 5 1 10 0 1 0 1
WFE11 5 1 13 0 1 0 1
WFE12 5 1 16 0 1 0 1
WO13 5 1 19 0 1 0 1
WO14 5 1 22 0 1 0 1
WO15 5 1 25 0 1 0 1
WO16 5 1 28 0 1 0 1
WO17 5 1 31 0 1 0 1
WO18 5 1 34 0 1 0 1
WFE21 5 1 37 0 1 0 1
WFE22 5 1 40 0 1 0 1
WFE23 5 1 43 0 1 0 1
WFE24 5 1 46 0 1 0 1
WFE25 5 1 49 0 1 0 1
WFE26 5 1 52 0 1 0 1
WFE27 5 1 55 0 1 0 1
WFE28 5 1 58 0 1 0 1
WFE32 5 1 61 0 1 0 1
WFE33 5 1 64 0 1 0 1
WFE34 5 1 67 0 1 0 1
POWER0 6 1 8 8 0 0 0
POWER1 6 1 8 22 0 0 0
POWER2 6 1 8 36 0 0 0
POWER3 6 1 8 50 0 0 0
POWER4 6 1 8 64 0 0 0
POWER5 6 1 22 8 0 0 0
POWER6 6 1 22 22 0 0 0
POWER7 6 1 22 36 0 0 0
POWER8 6 1 22 50 0 0 0
POWER9 6 1 22 64 0 0 0
POWER10 6 1 36 8 0 0 0
POWER11 6 1 36 22 0 0 0
POWER12 6 1 36 36 0 0 0
POWER13 6 1 36 50 0 0 0
POWER14 6 1 36 64 0 0 0
POWER15 6 1 50 8 0 0 0
POWER16 6 1 50 22 0 0 0
POWER17 6 1 50 36 0 0 0
POWER18 6 1 50 50 0 0 0
POWER19 6 1 50 64 0 0 0
POWER20 6 1 64 8 0 0 0
POWER21 6 1 64 22 0 0 0
POWER22 6 1 64 36 0 0 0
POWER23 6 1 64 50 0 0 0
POWER24 6 1 60 60 0 0 0
231 0
0 1
232 2
2 3
254 4
4 5
255 6
6 7
233 8
8 9
234 10
10 11
235 12
12 13
236 14
14 15
256 16
16 17
257 18
18 19
258 20
20 21
259 22
22 23
243 24
24 25
244 26
26 27
245 28
28 29
246 30
30 31
247 32
32 33
248 34
34 35
249 36
36 37
250 38
38 39
266 40
40 41
267 42
42 43
268 44
44 45
269 46
46 47
270 48
48 49
271 50
50 51
272 52
52 53
273 54
54 55
251 56
56 57
252 58
58 59
253 60
60 61
274 62
62 63
275 64
64 65
276 66
66 67
230 68
230 69
230 70
230 71
230 72
230 73
237 74
238 75
239 76
240 77
241 78
242 79
260 80
261 81
262 82
263 83
264 84
265 85
1 86
3 86
5 87
7 87
9 88
11 88
13 89
15 89
17 90
19 90
21 91
23 91
25 92
27 92
29 93
31 93
33 94
35 94
37 95
39 95
41 96
43 96
45 97
47 97
49 98
51 98
53 99
55 99
57 100
59 100
61 101
63 101
65 102
67 102
68 103
69 103
70 104
71 104
72 105
73 105
74 106
75 106
76 107
77 107
78 108
79 108
80 109
81 109
82 110
83 110
84 111
85 111
118 119
118 120
119 118
120 121
122 123
122 124
123 122
124 125
126 127
126 128
127 126
128 129
130 131
130 132
131 130
132 133
134 135
134 136
135 134
136 137
138 139
138 140
139 138
140 141
142 143
142 144
143 142
144 145
146 147
146 148
147 146
148 149
150 151
150 152
151 150
152 153
154 155
154 156
155 154
156 157
158 159
158 160
159 158
160 161
162 163
162 164
163 162
164 165
166 167
166 168
167 166
168 169
170 171
170 172
171 170
172 173
174 175
174 176
175 174
176 177
178 179
178 180
179 178
180 181
182 183
182 184
183 182
184 185
186 187
186 188
187 186
188 189
190 191
190 192
191 190
192 193
121 86
121 87
121 103
125 104
125 105
129 88
129 89
129 106
133 107
133 108
137 90
137 91
137 109
141 110
141 111
145 92
145 93
145 94
149 95
149 112
149 113
153 96
153 97
153 98
157 99
157 114
157 115
161 100
161 101
161 116
165 102
169 117
173 112
173 112
177 113
177 113
181 114
181 114
185 115
185 115
189 116
189 116
193 117
86 194
87 195
88 196
89 197
90 198
91 199
92 200
93 201
94 202
95 203
96 204
97 205
98 206
99 207
100 208
101 209
102 210
194 211
195 213
196 215
197 217
198 219
199 221
200 212
201 212
202 214
203 214
204 216
205 216
206 218
207 218
208 220
209 220
210 222
211 223
213 223
103 223
104 223
105 223
223 230
215 224
217 224
106 224
107 224
108 224
224 230
219 225
221 225
109 225
110 225
111 225
225 230
212 226
112 226
214 226
113 226
226 230
216 227
114 227
218 227
115 227
227 230
220 228
116 228
228 230
222 229
117 229
229 230
