1 7 0 3936 14608892 120
RF1 0 11 14 3
KF1 0 14 22 2
RF2 0 6 19 2
KF2 0 16 28 2
RF3 0 3 2 2
KF3 0 7 2 0
RF4 0 8 5 3
KF4 0 7 10 1
RF5 0 15 31 3
KF5 0 34 33 2
RF6 0 15 25 2
KF6 0 34 30 2
RF7 0 2 15 3
KF7 0 5 26 2
RF8 0 2 18 2
KF8 0 8 24 2
RF9 0 14 12 2
KF9 0 14 15 0
RF10 0 11 8 3
KF10 0 11 23 3
RF11 0 22 2 3
KF11 0 27 6 2
RF12 0 21 5 2
KF12 0 24 7 1
RF13 0 26 40 3
KF13 0 19 64 3
RF14 0 8 42 2
KF14 0 10 45 3
RF15 0 7 46 3
KF15 0 8 56 3
RF16 0 2 45 2
KF16 0 2 61 3
RF17 0 10 49 2
KF17 0 13 51 3
RF18 0 5 43 1
KF18 0 12 42 3
RF19 0 42 44 2
KF19 0 54 45 2
RF20 0 51 57 1
KF20 0 51 53 1
RF21 0 28 15 3
KF21 0 29 24 3
RF22 0 39 2 3
KF22 0 34 19 3
RF23 0 47 30 2
KF23 0 48 33 0
RF24 0 46 27 0
KF24 0 38 29 0
RF25 0 43 8 3
KF25 0 39 11 0
RF26 0 67 6 3
KF26 0 63 13 0
RF27 0 62 2 3
KF27 0 61 6 3
RF28 0 64 5 2
KF28 0 65 2 1
RF29 0 47 50 1
KF29 0 45 45 1
RF30 0 20 67 2
KF30 0 34 66 1
RF31 0 2 58 2
KF31 0 8 52 2
RF32 0 57 18 0
KF32 0 52 32 0
RF33 0 66 48 3
KF33 0 63 58 1
RF34 0 67 14 3
KF34 0 66 35 0
KO1 0 39 53 0
KO2 0 38 61 0
KO3 0 35 53 0
KO4 0 38 50 0
KO5 0 51 61 3
KO6 0 47 64 3
KO7 0 5 22 3
KO8 0 2 21 2
KO9 0 2 24 2
KO10 0 6 29 2
KO11 0 2 32 3
KO12 0 2 42 0
KO13 0 17 16 0
KO14 0 19 8 3
KO15 0 36 3 2
KO16 0 30 11 3
KO17 0 52 7 2
KO18 0 46 7 2
B1 2 21 30 2
B2 2 2 5 3
B3 2 38 32 2
B4 2 12 34 2
B5 2 9 27 3
B6 2 25 2 1
B7 2 15 64 2
B8 2 3 64 0
B9 2 10 64 0
B10 2 54 53 3
B11 2 33 24 2
B12 2 30 18 0
B13 2 36 15 3
B14 2 56 2 3
B15 2 43 36 1
B16 2 13 46 1
B17 2 60 51 0
O1 2 38 64 2
O2 2 29 54 3
O3 2 43 64 0
O4 2 6 38 3
O5 2 5 32 3
O6 2 2 36 2
O7 2 21 11 2
O8 2 43 12 2
O9 2 50 10 1
Q1 2 64 43 1
Q2 2 60 26 2
Q3 2 10 18 3
Q4 2 57 12 0
Q5 2 16 50 1
Q6 2 20 44 2
SC1 1 43 2 1
SA1 1 48 2 3
SB1 1 38 6 3
S1 0 32 15 0
SC2 1 54 40 1
SA2 1 59 40 3
SB2 1 52 35 0
S2 0 48 47 0
SC3 1 37 24 3
SA3 1 42 31 1
SB3 1 30 36 0
S3 0 26 33 0
SC4 1 11 2 3
SA4 1 16 2 1
SB4 1 2 9 0
S4 0 2 28 3
SC5 1 2 53 2
SA5 1 5 59 1
SB5 1 5 14 1
S5 0 10 11 2
SC6 1 29 65 2
SA6 1 24 64 3
SB6 1 36 56 1
S6 0 42 27 1
SC7 1 54 60 2
SA7 1 56 65 0
SB7 1 51 65 0
S7 0 7 66 3
SC8 1 42 48 1
SA8 1 37 45 3
SB8 1 46 40 2
S8 0 51 44 3
SC9 1 25 10 3
SA9 1 31 5 1
SB9 1 25 28 2
S9 0 30 28 1
SC10 1 52 21 0
SA10 1 50 26 2
SB10 1 45 22 1
S10 0 48 19 2
SC11 1 22 17 0
SA11 1 14 7 2
SB11 1 17 19 3
S11 0 24 44 3
SC12 1 16 59 2
SA12 1 19 54 0
SB12 1 22 59 2
S12 0 60 57 2
SC13 1 16 36 2
SA13 1 15 41 0
SB13 1 24 53 2
S13 0 29 50 1
QC1 1 52 48 2
QA1 1 57 46 1
QB1 1 65 52 1
QK1 0 62 47 1
QC2 1 59 34 0
QA2 1 65 30 3
QB2 1 55 29 1
QK2 0 56 26 2
QC3 1 47 14 1
QA3 1 52 15 3
QB3 1 33 10 0
QK3 0 18 12 3
QC4 1 62 16 3
QA4 1 58 21 0
QB4 1 64 24 2
QK4 0 67 18 1
QC5 1 19 25 3
QA5 1 24 23 1
QB5 1 11 54 3
QK5 0 16 55 1
QC6 1 21 39 2
QA6 1 24 48 0
QB6 1 32 45 3
QK6 0 27 43 0
R1 0 24 36 3
R2 0 33 58 3
R3 0 40 41 3
R4 0 18 32 1
R5 0 27 19 1
R6 0 32 2 2
R7 0 61 66 1
R8 0 66 61 2
R9 0 48 67 2
R10 0 59 62 3
R11 0 39 38 2
R12 0 30 33 2
R13 0 42 23 1
R14 0 61 10 3
R15 0 43 41 3
R16 0 29 46 3
R17 0 56 57 0
P1 0 27 37 3
H1 0 66 57 0
P2 0 33 62 0
H2 0 62 61 1
P3 0 37 42 0
H3 0 36 39 3
P4 0 11 31 0
H4 0 44 19 3
P5 0 65 10 1
H5 0 33 50 2
P6 0 53 3 3
H6 0 51 40 1
E1 2 28 58 0
E2 2 2 49 3
E3 2 56 6 0
F1 2 64 38 1
F2 2 38 19 1
F3 2 10 60 3
F4 2 30 41 1
CORE 3 42 54 0
WFE1 4 0 1 0
WFE2 4 0 4 0
WFE5 4 0 7 0
WFE6 4 0 10 0
WFE7 4 0 13 0
WFE8 4 0 16 0
WO7 4 0 19 0
WO8 4 0 22 0
WO9 4 0 25 0
WO10 4 0 28 0
WO11 4 0 31 0
WO12 4 0 34 0
WFE13 4 0 37 0
WFE14 4 0 40 0
WFE15 4 0 43 0
WFE16 4 0 46 0
WFE17 4 0 49 0
WFE18 4 0 52 0
WFE19 4 0 55 0
WFE20 4 0 58 0
WFE29 4 0 61 0
WFE30 4 0 64 0
WFE31 4 0 67 0
WFE3 5 1 0 1
WFE4 5 4 0 1
WFE9 5 7 0 1
WFE10 5 10 0 1
WFE11 5 13 0 1
WFE12 5 16 0 1
WO13 5 19 0 1
WO14 5 22 0 1
WO15 5 25 0 1
WO16 5 28 0 1
WO17 5 31 0 1
WO18 5 34 0 1
WFE21 5 37 0 1
WFE22 5 40 0 1
WFE23 5 43 0 1
WFE24 5 46 0 1
WFE25 5 49 0 1
WFE26 5 52 0 1
WFE27 5 55 0 1
WFE28 5 58 0 1
WFE32 5 61 0 1
WFE33 5 64 0 1
WFE34 5 67 0 1
POWER0 6 8 8 0
POWER1 6 8 22 0
POWER2 6 8 36 0
POWER3 6 8 50 0
POWER4 6 8 64 0
POWER5 6 22 8 0
POWER6 6 22 22 0
POWER7 6 22 36 0
POWER8 6 22 50 0
POWER9 6 22 64 0
POWER10 6 36 8 0
POWER11 6 36 22 0
POWER12 6 36 36 0
POWER13 6 36 50 0
POWER14 6 36 64 0
POWER15 6 50 8 0
POWER16 6 50 22 0
POWER17 6 50 36 0
POWER18 6 50 50 0
POWER19 6 50 64 0
POWER20 6 64 8 0
POWER21 6 64 22 0
POWER22 6 64 36 0
POWER23 6 64 50 0
POWER24 6 60 60 0
