1 23 0 5448 6792706 150
RF1 0 2 28 2
KF1 0 4 31 3
RF2 0 1 31 3
KF2 0 2 34 2
RF3 0 8 1 2
KF3 0 15 11 3
RF4 0 7 4 3
KF4 0 14 33 2
RF5 0 4 7 2
KF5 0 7 10 3
RF6 0 37 19 3
KF6 0 35 24 0
RF7 0 55 3 2
KF7 0 63 5 3
RF8 0 22 19 1
KF8 0 21 15 1
RF9 0 7 30 2
KF9 0 7 47 0
RF10 0 13 23 3
KF10 0 14 20 1
RF11 0 10 22 0
KF11 0 5 27 3
RF12 0 12 1 0
KF12 0 8 18 3
RF13 0 20 41 3
KF13 0 23 42 2
RF14 0 27 40 2
KF14 0 40 40 2
RF15 0 23 30 1
KF15 0 24 5 0
RF16 0 2 45 2
KF16 0 11 19 2
RF17 0 33 43 2
KF17 0 36 38 1
RF18 0 28 52 1
KF18 0 25 49 0
RF19 0 2 42 2
KF19 0 19 34 0
RF20 0 2 55 2
KF20 0 21 38 0
RF21 0 27 62 1
KF21 0 10 66 0
RF22 0 31 52 3
KF22 0 29 56 3
RF23 0 40 49 3
KF23 0 36 56 0
RF24 0 27 26 0
KF24 0 24 27 3
RF25 0 35 10 0
KF25 0 30 8 0
RF26 0 45 34 3
KF26 0 32 56 3
RF27 0 46 45 3
KF27 0 47 49 2
RF28 0 51 47 3
KF28 0 53 50 2
RF29 0 2 63 2
KF29 0 17 62 2
RF30 0 2 66 2
KF30 0 7 61 1
RF31 0 6 66 2
KF31 0 38 7 3
RF32 0 49 1 0
KF32 0 48 4 3
RF33 0 64 2 3
KF33 0 66 7 3
RF34 0 52 2 3
KF34 0 51 5 0
KO1 0 43 49 1
KO2 0 35 52 0
KO3 0 63 61 0
KO4 0 39 52 0
KO5 0 42 61 0
KO6 0 52 63 0
KO7 0 11 34 3
KO8 0 10 31 3
KO9 0 7 14 3
KO10 0 3 15 2
KO11 0 20 56 1
KO12 0 1 38 3
KO13 0 15 2 3
KO14 0 25 2 3
KO15 0 27 23 2
KO16 0 31 26 2
KO17 0 39 11 3
KO18 0 39 15 1
B1 2 14 36 2
B2 2 17 30 1
B3 2 37 28 1
B4 2 56 11 0
B5 2 2 48 0
B6 2 11 43 3
B7 2 40 44 3
B8 2 19 1 1
B9 2 35 13 2
B10 2 13 27 0
B11 2 10 61 1
B12 2 14 66 3
B13 2 20 66 3
B14 2 54 44 0
B15 2 42 2 3
B16 2 41 6 1
B17 2 44 40 3
O1 2 27 44 1
O2 2 33 46 3
O3 2 31 66 3
O4 2 7 38 3
O5 2 2 18 3
O6 2 12 55 2
O7 2 28 2 2
O8 2 30 19 1
O9 2 42 10 2
Q1 2 58 29 3
Q2 2 53 34 1
Q3 2 66 35 2
Q4 2 59 3 0
Q5 2 45 58 1
Q6 2 51 57 2
SC1 1 40 64 3
SA1 1 45 65 2
SB1 1 36 59 0
S1 0 24 39 1
SC2 1 18 45 2
SA2 1 6 42 2
SB2 1 31 38 2
S2 0 37 42 3
SC3 1 60 14 3
SA3 1 65 14 1
SB3 1 64 30 3
S3 0 49 33 0
SC4 1 30 60 1
SA4 1 26 65 2
SB4 1 23 52 0
S4 0 8 57 0
SC5 1 43 53 1
SA5 1 17 50 0
SB5 1 48 52 2
S5 0 23 46 1
SC6 1 18 10 0
SA6 1 16 5 2
SB6 1 11 14 0
S6 0 31 23 2
SC7 1 53 29 0
SA7 1 59 33 0
SB7 1 45 21 1
S7 0 31 16 2
SC8 1 2 10 3
SA8 1 2 2 1
SB8 1 2 22 2
S8 0 53 25 3
SC9 1 6 52 1
SA9 1 2 58 3
SB9 1 11 50 2
S9 0 16 55 3
SC10 1 32 30 3
SA10 1 27 29 1
SB10 1 54 6 2
S10 0 61 10 3
SC11 1 30 11 3
SA11 1 32 2 3
SB11 1 40 19 3
S11 0 41 24 2
SC12 1 46 16 0
SA12 1 52 19 0
SB12 1 40 34 3
S12 0 46 37 2
SC13 1 56 24 2
SA13 1 58 19 0
SB13 1 65 25 3
S13 0 66 11 0
QC1 1 18 25 0
QA1 1 8 25 0
QB1 1 17 20 2
QK1 0 23 24 2
QC2 1 10 9 2
QA2 1 10 4 0
QB2 1 51 14 3
QK2 0 50 29 3
QC3 1 60 38 2
QA3 1 55 39 1
QB3 1 65 41 3
QK3 0 66 46 0
QC4 1 25 18 0
QA4 1 16 15 0
QB4 1 37 1 2
QK4 0 67 2 3
QC5 1 24 13 2
QA5 1 24 8 0
QB5 1 50 39 3
QK5 0 47 62 0
QC6 1 59 64 1
QA6 1 60 43 2
QB6 1 55 58 1
QK6 0 53 54 1
R1 0 18 37 3
R2 0 17 42 3
R3 0 38 25 0
R4 0 51 10 1
R5 0 4 38 1
R6 0 11 47 0
R7 0 37 33 1
R8 0 43 27 2
R9 0 42 16 2
R10 0 50 24 2
R11 0 17 59 2
R12 0 24 62 1
R13 0 37 66 1
R14 0 50 44 0
R15 0 47 7 3
R16 0 46 26 2
R17 0 40 55 3
P1 0 29 49 2
H1 0 47 30 2
P2 0 15 47 3
H2 0 61 25 3
P3 0 34 27 0
H3 0 20 60 3
P4 0 33 7 0
H4 0 51 66 2
P5 0 5 35 2
H5 0 43 30 0
P6 0 33 35 2
H6 0 41 58 2
E1 2 23 57 1
E2 2 25 34 1
E3 2 47 10 2
F1 2 66 19 2
F2 2 55 64 2
F3 2 58 48 3
F4 2 56 52 2
CORE 3 61 52 0
WFE1 4 0 1 0
WFE2 4 0 4 0
WFE5 4 0 7 0
WFE6 4 0 10 0
WFE7 4 0 13 0
WFE8 4 0 16 0
WO7 4 0 19 0
WO8 4 0 22 0
WO9 4 0 25 0
WO10 4 0 28 0
WO11 4 0 31 0
WO12 4 0 34 0
WFE13 4 0 37 0
WFE14 4 0 40 0
WFE15 4 0 43 0
WFE16 4 0 46 0
WFE17 4 0 49 0
WFE18 4 0 52 0
WFE19 4 0 55 0
WFE20 4 0 58 0
WFE29 4 0 61 0
WFE30 4 0 64 0
WFE31 4 0 67 0
WFE3 5 1 0 1
WFE4 5 4 0 1
WFE9 5 7 0 1
WFE10 5 10 0 1
WFE11 5 13 0 1
WFE12 5 16 0 1
WO13 5 19 0 1
WO14 5 22 0 1
WO15 5 25 0 1
WO16 5 28 0 1
WO17 5 31 0 1
WO18 5 34 0 1
WFE21 5 37 0 1
WFE22 5 40 0 1
WFE23 5 43 0 1
WFE24 5 46 0 1
WFE25 5 49 0 1
WFE26 5 52 0 1
WFE27 5 55 0 1
WFE28 5 58 0 1
WFE32 5 61 0 1
WFE33 5 64 0 1
WFE34 5 67 0 1
POWER0 6 8 8 0
POWER1 6 8 22 0
POWER2 6 8 36 0
POWER3 6 8 50 0
POWER4 6 8 64 0
POWER5 6 22 8 0
POWER6 6 22 22 0
POWER7 6 22 36 0
POWER8 6 22 50 0
POWER9 6 22 64 0
POWER10 6 36 8 0
POWER11 6 36 22 0
POWER12 6 36 36 0
POWER13 6 36 50 0
POWER14 6 36 64 0
POWER15 6 50 8 0
POWER16 6 50 22 0
POWER17 6 50 36 0
POWER18 6 50 50 0
POWER19 6 50 64 0
POWER20 6 64 8 0
POWER21 6 64 22 0
POWER22 6 64 36 0
POWER23 6 64 50 0
POWER24 6 60 60 0
