302 325
T1 0
KB1 0
T2 0
KB2 0
T3 0
KB3 0
T4 0
KB4 0
T5 0
KB5 0
T6 0
KB6 0
T7 0
KB7 0
T8 0
KB8 0
T9 0
KB9 0
T10 0
KB10 0
T11 0
KB11 0
T12 0
KB12 0
T13 0
KB13 0
T14 0
KB14 0
T15 0
KB15 0
T16 0
KB16 0
T17 0
KB17 0
T18 0
KB18 0
T19 0
KB19 0
T20 0
KB20 0
T21 0
KB21 0
T22 0
KB22 0
T23 0
KB23 0
T24 0
KB24 0
T25 0
KB25 0
T26 0
KB26 0
T27 0
KB27 0
T28 0
KB28 0
T29 0
KB29 0
T30 0
KB30 0
T31 0
KB31 0
T32 0
KB32 0
T33 0
KB33 0
T34 0
KB34 0
U1 0
U2 0
U3 0
U4 0
U5 0
U6 0
U7 0
U8 0
U9 0
U10 0
U11 0
U12 0
U13 0
U14 0
U15 0
U16 0
U17 0
U18 0
B1 2
R1 0
B2 2
R2 0
B3 2
R3 0
B4 2
R4 0
B5 2
R5 0
B6 2
R6 0
B7 2
R7 0
B8 2
R8 0
B9 2
R9 0
B10 2
R10 0
B11 2
R11 0
B12 2
R12 0
B13 2
R13 0
B14 2
R14 0
B15 2
R15 0
B16 2
R16 0
B17 2
R17 0
O1 2
O2 2
O3 2
O4 2
O5 2
O6 2
O7 2
O8 2
O9 2
P1 0
H1 0
Q1 2
P2 0
H2 0
Q2 2
P3 0
H3 0
Q3 2
P4 0
H4 0
Q4 2
P5 0
H5 0
Q5 2
P6 0
H6 0
Q6 2
E1 2
E2 2
E3 2
F1 2
F2 2
F3 2
F4 2
SC1 1
SA1 1
SB1 1
S1 0
SC2 1
SA2 1
SB2 1
S2 0
SC3 1
SA3 1
SB3 1
S3 0
SC4 1
SA4 1
SB4 1
S4 0
SC5 1
SA5 1
SB5 1
S5 0
SC6 1
SA6 1
SB6 1
S6 0
SC7 1
SA7 1
SB7 1
S7 0
SC8 1
SA8 1
SB8 1
S8 0
SC9 1
SA9 1
SB9 1
S9 0
SC10 1
SA10 1
SB10 1
S10 0
SC11 1
SA11 1
SB11 1
S11 0
SC12 1
SA12 1
SB12 1
S12 0
SC13 1
SA13 1
SB13 1
S13 0
QC1 1
QA1 1
QB1 1
KQ1 0
QC2 1
QA2 1
QB2 1
KQ2 0
QC3 1
QA3 1
QB3 1
KQ3 0
QC4 1
QA4 1
QB4 1
KQ4 0
QC5 1
QA5 1
QB5 1
KQ5 0
QC6 1
QA6 1
QB6 1
KQ6 0
CORE 3
OB1 4
OB2 4
OB3 4
OB4 4
OB5 4
OB6 4
OB7 4
OB8 4
OB9 4
OB10 4
OB11 4
OB12 4
OB13 4
OB14 4
OB15 4
OB16 4
OB17 4
OB18 4
OB19 4
OB20 4
OB21 4
OB22 4
OB23 4
OB24 4
OB25 4
OB26 4
OB27 4
OB28 4
OB29 4
OB30 4
OB31 4
OB32 4
OB33 4
OB34 4
OO7 4
OO8 4
OO9 4
OO10 4
OO11 4
OO12 4
OO13 4
OO14 4
OO15 4
OO16 4
OO17 4
OO18 4
POWER0 5
POWER1 5
POWER2 5
POWER3 5
POWER4 5
POWER5 5
POWER6 5
POWER7 5
POWER8 5
POWER9 5
POWER10 5
POWER11 5
POWER12 5
POWER13 5
POWER14 5
POWER15 5
POWER16 5
POWER17 5
POWER18 5
POWER19 5
POWER20 5
POWER21 5
POWER22 5
POWER23 5
POWER24 5
231 0
0 1
1 86
232 2
2 3
3 86
233 4
4 5
5 88
234 6
6 7
7 88
235 8
8 9
9 90
236 10
10 11
11 90
237 12
12 13
13 92
238 14
14 15
15 92
239 16
16 17
17 94
240 18
18 19
19 94
241 20
20 21
21 96
242 22
22 23
23 96
243 24
24 25
25 98
244 26
26 27
27 98
245 28
28 29
29 100
246 30
30 31
31 100
247 32
32 33
33 102
248 34
34 35
35 102
249 36
36 37
37 104
250 38
38 39
39 104
251 40
40 41
41 106
252 42
42 43
43 106
253 44
44 45
45 108
254 46
46 47
47 108
255 48
48 49
49 110
256 50
50 51
51 110
257 52
52 53
53 112
258 54
54 55
55 112
259 56
56 57
57 114
260 58
58 59
59 114
261 60
60 61
61 116
262 62
62 63
63 116
263 64
64 65
65 118
264 66
66 67
67 118
230 68
68 120
230 69
69 120
230 70
70 121
230 71
71 121
230 72
72 122
230 73
73 122
265 74
74 123
266 75
75 123
267 76
76 124
268 77
77 124
269 78
78 125
270 79
79 125
271 80
80 126
272 81
81 126
273 82
82 127
274 83
83 127
275 84
84 128
276 85
85 128
86 87
87 129
88 89
89 132
90 91
91 135
92 93
93 138
94 95
95 141
96 97
97 144
98 99
99 130
100 101
101 130
102 103
103 133
104 105
105 133
106 107
107 136
108 109
109 136
110 111
111 139
112 113
113 139
114 115
115 142
116 117
117 142
118 119
119 145
120 147
121 147
122 147
123 148
124 148
125 148
126 149
127 149
128 149
129 147
130 150
131 150
132 147
133 150
134 150
135 148
136 151
137 151
138 148
139 151
140 151
141 149
142 152
143 152
144 149
145 153
146 153
147 230
148 230
149 230
150 230
151 230
152 230
153 230
154 155
154 156
155 154
156 157
157 86
157 88
157 120
158 159
158 160
159 158
160 161
161 121
161 122
162 163
162 164
163 162
164 165
165 90
165 92
165 123
166 167
166 168
167 166
168 169
169 124
169 125
170 171
170 172
171 170
172 173
173 94
173 96
173 126
174 175
174 176
175 174
176 177
177 127
177 128
178 179
178 180
179 178
180 181
181 98
181 100
181 102
182 183
182 184
183 182
184 185
185 104
185 131
185 134
186 187
186 188
187 186
188 189
189 106
189 108
189 110
190 191
190 192
191 190
192 193
193 112
193 137
193 140
194 195
194 196
195 194
196 197
197 114
197 116
197 143
198 199
198 200
199 198
200 201
201 118
202 203
202 204
203 202
204 205
205 146
206 207
206 208
207 206
208 209
209 131
209 131
210 211
210 212
211 210
212 213
213 134
213 134
214 215
214 216
215 214
216 217
217 137
217 137
218 219
218 220
219 218
220 221
221 140
221 140
222 223
222 224
223 222
224 225
225 143
225 143
226 227
226 228
227 226
228 229
229 146
