68
8 1
20 1
10 1
23 1
74 1
26 1
75 1
29 1
12 1
32 1
14 1
35 1
9 1
20 5
11 1
23 5
13 1
32 5
15 1
35 5
90 1
20 9
91 1
23 9
92 1
32 9
93 1
35 9
126 10
25 5
25 6
25 7
25 8
25 9
25 10
25 11
25 12
25 13
25 14
127 10
30 5
30 6
30 7
30 8
30 9
30 10
30 11
30 12
30 13
30 14
219 4
27 9
26 9
25 9
24 9
220 3
29 9
30 9
31 9
221 10
28 9
28 8
27 8
26 8
26 9
26 10
26 11
26 12
26 13
26 14
259 6
24 14
24 15
24 16
24 17
24 18
24 19
260 1
35 14
76 1
38 1
77 1
41 1
0 1
44 1
4 1
47 1
78 1
50 1
79 1
53 1
128 2
39 5
39 6
129 2
41 5
41 6
130 1
50 5
131 1
53 5
222 4
44 5
43 5
42 5
42 6
223 4
46 5
47 5
48 5
49 5
16 1
1 20
18 1
1 23
80 1
1 26
81 1
1 29
20 1
1 32
22 1
1 35
17 1
5 20
19 1
5 23
21 1
5 32
23 1
5 35
94 1
9 20
95 1
9 23
96 1
9 32
97 1
9 35
132 10
5 25
6 25
7 25
8 25
9 25
10 25
11 25
12 25
13 25
14 25
133 10
5 30
6 30
7 30
8 30
9 30
10 30
11 30
12 30
13 30
14 30
224 4
9 27
9 26
9 25
9 24
225 3
9 29
9 30
9 31
226 10
9 28
8 28
8 27
8 26
9 26
10 26
11 26
12 26
13 26
14 26
261 6
14 24
15 24
16 24
17 24
18 24
19 24
262 1
14 35
82 1
1 38
83 1
1 41
28 1
1 44
40 1
1 47
84 1
1 50
85 1
1 53
134 2
5 39
6 39
135 2
5 41
6 41
136 1
5 50
137 1
5 53
227 4
5 44
5 43
5 42
6 42
228 4
5 46
5 47
5 48
5 49
322 1
27 51
323 1
27 48
