302 325 182
T1 0 0 2 16 2
KB1 0 0 6 16 2
T2 0 0 2 19 2
KB2 0 0 6 19 2
T3 0 0 2 22 2
KB3 0 0 6 22 2
T4 0 0 2 25 2
KB4 0 0 6 25 2
T5 0 0 2 28 2
KB5 0 0 6 28 2
T6 0 0 2 31 2
KB6 0 0 6 31 2
T7 0 0 2 34 2
KB7 0 0 6 34 2
T8 0 0 2 37 2
KB8 0 0 6 37 2
T9 0 0 2 40 2
KB9 0 0 6 40 2
T10 0 0 2 43 2
KB10 0 0 6 43 2
T11 0 0 2 46 2
KB11 0 0 6 46 2
T12 0 0 2 49 2
KB12 0 0 6 49 2
T13 0 0 2 52 2
KB13 0 0 6 52 2
T14 0 0 2 55 2
KB14 0 0 6 55 2
T15 0 0 2 58 2
KB15 0 0 6 58 2
T16 0 0 2 61 2
KB16 0 0 6 61 2
T17 0 0 2 64 2
KB17 0 0 6 64 2
T18 0 0 2 67 2
KB18 0 0 6 67 2
T19 0 0 22 2 3
KB19 0 0 22 6 3
T20 0 0 25 2 3
KB20 0 0 25 6 3
T21 0 0 28 2 3
KB21 0 0 28 6 3
T22 0 0 31 2 3
KB22 0 0 31 6 3
T23 0 0 34 2 3
KB23 0 0 34 6 3
T24 0 0 37 2 3
KB24 0 0 37 6 3
T25 0 0 40 2 3
KB25 0 0 40 6 3
T26 0 0 43 2 3
KB26 0 0 43 6 3
T27 0 0 46 2 3
KB27 0 0 46 6 3
T28 0 0 49 2 3
KB28 0 0 49 6 3
T29 0 0 52 2 3
KB29 0 0 52 6 3
T30 0 0 55 2 3
KB30 0 0 55 6 3
T31 0 0 58 2 3
KB31 0 0 58 6 3
T32 0 0 61 2 3
KB32 0 0 61 6 3
T33 0 0 64 2 3
KB33 0 0 64 6 3
T34 0 0 67 2 3
KB34 0 0 67 6 3
SB1 1 0 30 31 1
SA1 1 0 36 27 2
SC1 1 0 36 32 0
SB2 1 0 37 22 3
SA2 1 0 31 26 0
SC2 1 0 31 21 2
SB3 1 0 30 47 1
SA3 1 0 36 43 2
SC3 1 0 36 48 0
SB4 1 0 37 38 3
SA4 1 0 31 42 0
SC4 1 0 31 37 2
SB5 1 0 30 63 1
SA5 1 0 36 59 2
SC5 1 0 36 64 0
SB6 1 0 37 54 3
SA6 1 0 31 58 0
SC6 1 0 31 53 2
SB7 1 0 43 31 1
SA7 1 0 49 27 2
SC7 1 0 49 32 0
SB8 1 0 50 22 3
SA8 1 0 44 26 0
SC8 1 0 44 21 2
SB9 1 0 43 47 1
SA9 1 0 49 43 2
SC9 1 0 49 48 0
SB10 1 0 50 38 3
SA10 1 0 44 42 0
SC10 1 0 44 37 2
SB11 1 0 43 63 1
SA11 1 0 49 59 2
SC11 1 0 49 64 0
SB12 1 0 50 54 3
SA12 1 0 44 58 0
SC12 1 0 44 53 2
SB13 1 0 56 31 1
SA13 1 0 62 27 2
SC13 1 0 62 32 0
QB1 1 0 63 22 3
QA1 1 0 57 26 0
QC1 1 0 57 21 2
QB2 1 0 56 47 1
QA2 1 0 62 43 2
QC2 1 0 62 48 0
QB3 1 0 63 38 3
QA3 1 0 57 42 0
QC3 1 0 57 37 2
QB4 1 0 56 63 1
QA4 1 0 62 59 2
QC4 1 0 62 64 0
QB5 1 0 63 54 3
QA5 1 0 57 58 0
QC5 1 0 57 53 2
QB6 1 0 16 63 1
QA6 1 0 22 59 2
QC6 1 0 22 64 0
U1 0 1 22 34 3
U2 0 1 28 22 1
U3 0 1 13 15 2
U4 0 1 31 18 2
U5 0 1 7 1 1
U6 0 1 12 27 2
U7 0 1 21 47 1
U8 0 1 10 53 1
U9 0 1 16 12 0
U10 0 1 22 37 3
U11 0 1 15 36 0
U12 0 1 22 40 2
U13 0 1 25 24 3
U14 0 1 28 19 1
U15 0 1 24 50 1
U16 0 1 25 43 2
U17 0 1 4 5 0
U18 0 1 19 39 2
B1 2 1 1 12 1
R1 0 1 16 15 2
B2 2 1 10 20 2
R2 0 1 11 30 3
B3 2 1 14 18 2
R3 0 1 1 5 1
B4 2 1 16 56 1
R4 0 1 25 34 2
B5 2 1 11 39 2
R5 0 1 25 37 2
B6 2 1 13 52 3
R6 0 1 22 53 1
B7 2 1 10 56 1
R7 0 1 25 53 2
B8 2 1 10 66 3
R8 0 1 22 56 2
B9 2 1 11 60 2
R9 0 1 67 60 1
B10 2 1 31 11 2
R10 0 1 67 67 0
B11 2 1 24 18 0
R11 0 1 15 60 3
B12 2 1 35 11 0
R12 0 1 10 45 0
B13 2 1 34 17 1
R13 0 1 40 19 2
B14 2 1 53 10 2
R14 0 1 40 16 0
B15 2 1 47 11 3
R15 0 1 50 15 2
B16 2 1 57 11 3
R16 0 1 27 57 2
B17 2 1 53 16 2
R17 0 1 19 53 1
O1 2 1 19 14 3
O2 2 1 14 30 2
O3 2 1 57 15 0
O4 2 1 17 46 2
O5 2 1 16 1 3
O6 2 1 10 33 0
O7 2 1 25 14 1
O8 2 1 24 46 3
O9 2 1 16 5 3
P1 0 1 15 24 0
H1 0 1 27 50 1
Q1 2 1 18 33 0
P2 0 1 16 9 3
H2 0 1 67 51 1
Q2 2 1 64 11 3
P3 0 1 15 27 2
H3 0 1 10 48 2
Q3 2 1 43 15 2
P4 0 1 28 27 1
H4 0 1 39 13 3
Q4 2 1 18 29 3
P5 0 1 28 43 3
H5 0 1 27 60 0
Q5 2 1 13 45 0
P6 0 1 19 11 1
H6 0 1 21 50 2
Q6 2 1 1 8 3
E1 2 1 10 1 1
E2 2 1 18 24 1
E3 2 1 22 10 3
F1 2 1 66 15 2
F2 2 1 61 15 0
F3 2 1 1 1 1
F4 2 1 15 39 0
S1 0 1 10 17 0
S2 0 1 67 33 3
S3 0 1 19 60 0
S4 0 1 27 40 2
S5 0 1 28 54 1
S6 0 1 27 67 2
S7 0 1 28 36 3
S8 0 1 28 10 3
S9 0 1 41 10 0
S10 0 1 50 18 3
S11 0 1 67 44 1
S12 0 1 47 18 3
S13 0 1 24 30 1
KQ1 0 1 27 30 3
KQ2 0 1 67 28 1
KQ3 0 1 44 12 0
KQ4 0 1 24 27 2
KQ5 0 1 19 42 3
KQ6 0 1 22 43 1
OB1 3 0 0 16 0
OB2 3 0 0 19 0
OB3 3 0 0 22 0
OB4 3 0 0 25 0
OB5 3 0 0 28 0
OB6 3 0 0 31 0
OB7 3 0 0 34 0
OB8 3 0 0 37 0
OB9 3 0 0 40 0
OB10 3 0 0 43 0
OB11 3 0 0 46 0
OB12 3 0 0 49 0
OB13 3 0 0 52 0
OB14 3 0 0 55 0
OB15 3 0 0 58 0
OB16 3 0 0 61 0
OB17 3 0 0 64 0
OB18 3 0 0 67 0
OB19 3 0 22 0 1
OB20 3 0 25 0 1
OB21 3 0 28 0 1
OB22 3 0 31 0 1
OB23 3 0 34 0 1
OB24 3 0 37 0 1
OB25 3 0 40 0 1
OB26 3 0 43 0 1
OB27 3 0 46 0 1
OB28 3 0 49 0 1
OB29 3 0 52 0 1
OB30 3 0 55 0 1
OB31 3 0 58 0 1
OB32 3 0 61 0 1
OB33 3 0 64 0 1
OB34 3 0 67 0 1
OO7 3 0 0 1 0
OO8 3 0 0 4 0
OO9 3 0 0 7 0
OO10 3 0 0 10 0
OO11 3 0 0 13 0
OO12 3 0 1 0 1
OO13 3 0 4 0 1
OO14 3 0 7 0 1
OO15 3 0 10 0 1
OO16 3 0 13 0 1
OO17 3 0 16 0 1
OO18 3 0 19 0 1
CORE 4 0 7 6 0
POWER77 5 0 7 4 0
POWER86 5 0 9 15 0
POWER90 5 0 9 27 0
POWER94 5 0 9 39 0
POWER98 5 0 9 51 0
POWER102 5 0 9 63 0
POWER624 5 0 19 9 0
POWER928 5 0 25 41 0
POWER944 5 0 25 57 0
POWER1065 5 0 28 25 0
POWER1103 5 0 28 63 0
POWER1172 5 0 33 9 0
POWER1302 5 0 42 27 0
POWER1308 5 0 42 43 0
POWER1314 5 0 42 59 0
POWER1339 5 0 45 9 0
POWER1367 5 0 47 16 0
POWER1480 5 0 55 27 0
POWER1486 5 0 55 43 0
POWER1492 5 0 55 59 0
POWER1506 5 0 57 9 0
POWER1570 5 0 63 9 0
POWER1665 5 0 68 31 0
POWER1681 5 0 68 47 0
POWER1697 5 0 68 63 0
230 0 4
0 1 1
1 143 1
231 2 4
2 3 1
3 143 1
232 4 4
4 5 1
5 145 1
233 6 4
6 7 1
7 145 1
234 8 4
8 9 1
9 147 1
235 10 4
10 11 1
11 147 1
236 12 4
12 13 1
13 149 1
237 14 4
14 15 1
15 149 1
238 16 4
16 17 1
17 151 1
239 18 4
18 19 1
19 151 1
240 20 4
20 21 1
21 153 1
241 22 4
22 23 1
23 153 1
242 24 4
24 25 1
25 155 1
243 26 4
26 27 1
27 155 1
244 28 4
28 29 1
29 157 1
245 30 4
30 31 1
31 157 1
246 32 4
32 33 1
33 159 1
247 34 4
34 35 1
35 159 1
248 36 4
36 37 1
37 161 1
249 38 4
38 39 1
39 161 1
250 40 4
40 41 1
41 163 1
251 42 4
42 43 1
43 163 1
252 44 4
44 45 1
45 165 1
253 46 4
46 47 1
47 165 1
254 48 4
48 49 1
49 167 1
255 50 4
50 51 1
51 167 1
256 52 4
52 53 1
53 169 1
257 54 4
54 55 1
55 169 1
258 56 4
56 57 1
57 171 1
259 58 4
58 59 1
59 171 1
260 60 4
60 61 1
61 173 1
261 62 4
62 63 1
63 173 1
262 64 4
64 65 1
65 175 1
263 66 4
66 67 1
67 175 1
276 125 4
125 177 1
276 126 4
126 177 1
276 127 4
127 178 1
276 128 4
128 178 1
276 129 4
129 179 1
276 130 4
130 179 1
264 131 4
131 180 1
265 132 4
132 180 1
266 133 4
133 181 1
267 134 4
134 181 1
268 135 4
135 182 1
269 136 4
136 182 1
270 137 4
137 183 1
271 138 4
138 183 1
272 139 4
139 184 1
273 140 4
140 184 1
274 141 4
141 185 1
275 142 4
142 185 1
143 144 1
144 186 1
145 146 1
146 189 1
147 148 1
148 192 1
149 150 1
150 195 1
151 152 1
152 198 1
153 154 1
154 201 1
155 156 1
156 187 1
157 158 1
158 187 1
159 160 1
160 190 1
161 162 1
162 190 1
163 164 1
164 193 1
165 166 1
166 193 1
167 168 1
168 196 1
169 170 1
170 196 1
171 172 1
172 199 1
173 174 1
174 199 1
175 176 1
176 202 1
177 204 1
178 204 1
179 204 1
180 205 1
181 205 1
182 205 1
183 206 1
184 206 1
185 206 1
186 204 1
187 207 1
188 207 1
189 204 1
190 207 1
191 207 1
192 205 1
193 208 1
194 208 1
195 205 1
196 208 1
197 208 1
198 206 1
199 209 1
200 209 1
201 206 1
202 210 1
203 210 1
204 276 1
205 276 1
206 276 1
207 276 1
208 276 1
209 276 1
210 276 1
70 69 1
70 68 1
69 70 1
68 211 1
211 143 1
211 145 1
211 177 1
73 72 1
73 71 1
72 73 1
71 212 1
212 178 1
212 179 1
76 75 1
76 74 1
75 76 1
74 213 1
213 147 1
213 149 1
213 180 1
79 78 1
79 77 1
78 79 1
77 214 1
214 181 1
214 182 1
82 81 1
82 80 1
81 82 1
80 215 1
215 151 1
215 153 1
215 183 1
85 84 1
85 83 1
84 85 1
83 216 1
216 184 1
216 185 1
88 87 1
88 86 1
87 88 1
86 217 1
217 155 1
217 157 1
217 159 1
91 90 1
91 89 1
90 91 1
89 218 1
218 161 1
218 188 1
218 191 1
94 93 1
94 92 1
93 94 1
92 219 1
219 163 1
219 165 1
219 167 1
97 96 1
97 95 1
96 97 1
95 220 1
220 169 1
220 194 1
220 197 1
100 99 1
100 98 1
99 100 1
98 221 1
221 171 1
221 173 1
221 200 1
103 102 1
103 101 1
102 103 1
101 222 1
222 175 1
106 105 1
106 104 1
105 106 1
104 223 1
223 203 1
109 108 1
109 107 1
108 109 1
107 224 1
224 188 1
224 188 1
112 111 1
112 110 1
111 112 1
110 225 1
225 191 1
225 191 1
115 114 1
115 113 1
114 115 1
113 226 1
226 194 1
226 194 1
118 117 1
118 116 1
117 118 1
116 227 1
227 197 1
227 197 1
121 120 1
121 119 1
120 121 1
119 228 1
228 200 1
228 200 1
124 123 1
124 122 1
123 124 1
122 229 1
229 203 1
1 17 2 0
5 17 2 0
1 20 2 0
5 20 2 0
1 23 2 0
5 23 2 0
1 26 2 0
5 26 2 0
1 29 2 0
5 29 2 0
1 32 2 0
5 32 2 0
1 35 2 0
5 35 2 0
1 38 2 0
5 38 2 0
1 41 2 0
5 41 2 0
1 44 2 0
5 44 2 0
1 47 2 0
5 47 2 0
1 50 2 0
5 50 2 0
1 53 2 0
5 53 2 0
1 56 2 0
5 56 2 0
1 59 2 0
5 59 2 0
1 62 2 0
5 62 2 0
1 65 2 0
5 65 2 0
1 68 2 0
5 68 2 0
23 1 3 1
23 5 3 1
26 1 3 1
26 5 3 1
29 1 3 1
29 5 3 1
32 1 3 1
32 5 3 1
35 1 3 1
35 5 3 1
38 1 3 1
38 5 3 1
41 1 3 1
41 5 3 1
44 1 3 1
44 5 3 1
47 1 3 1
47 5 3 1
50 1 3 1
50 5 3 1
53 1 3 1
53 5 3 1
56 1 3 1
56 5 3 1
59 1 3 1
59 5 3 1
62 1 3 1
62 5 3 1
65 1 3 1
65 5 3 1
68 1 3 1
68 5 3 1
35 36 0 2
34 36 0 3
35 32 0 3
35 31 1 0
41 31 2 1
41 32 3 2
36 21 2 0
37 21 2 1
36 25 2 1
36 26 3 2
30 26 0 3
30 25 1 0
35 52 0 2
34 52 0 3
35 48 0 3
35 47 1 0
41 47 2 1
41 48 3 2
36 37 2 0
37 37 2 1
36 41 2 1
36 42 3 2
30 42 0 3
30 41 1 0
35 68 0 2
34 68 0 3
35 64 0 3
35 63 1 0
41 63 2 1
41 64 3 2
36 53 2 0
37 53 2 1
36 57 2 1
36 58 3 2
30 58 0 3
30 57 1 0
48 36 0 2
47 36 0 3
48 32 0 3
48 31 1 0
54 31 2 1
54 32 3 2
49 21 2 0
50 21 2 1
49 25 2 1
49 26 3 2
43 26 0 3
43 25 1 0
48 52 0 2
47 52 0 3
48 48 0 3
48 47 1 0
54 47 2 1
54 48 3 2
49 37 2 0
50 37 2 1
49 41 2 1
49 42 3 2
43 42 0 3
43 41 1 0
48 68 0 2
47 68 0 3
48 64 0 3
48 63 1 0
54 63 2 1
54 64 3 2
49 53 2 0
50 53 2 1
49 57 2 1
49 58 3 2
43 58 0 3
43 57 1 0
61 36 0 2
60 36 0 3
61 32 0 3
61 31 1 0
67 31 2 1
67 32 3 2
62 21 2 0
63 21 2 1
62 25 2 1
62 26 3 2
56 26 0 3
56 25 1 0
61 52 0 2
60 52 0 3
61 48 0 3
61 47 1 0
67 47 2 1
67 48 3 2
62 37 2 0
63 37 2 1
62 41 2 1
62 42 3 2
56 42 0 3
56 41 1 0
61 68 0 2
60 68 0 3
61 64 0 3
61 63 1 0
67 63 2 1
67 64 3 2
62 53 2 0
63 53 2 1
62 57 2 1
62 58 3 2
56 58 0 3
56 57 1 0
21 68 0 2
20 68 0 3
21 64 0 3
21 63 1 0
27 63 2 1
27 64 3 2
18 18 6 6
